population: 38.000.000 (Wikipedia)
country: Afghanistan
time: 1/22/20 - 8/17/21
source: https://github.com/CSSEGISandData/COVID-19/blob/master/csse_covid_19_data/csse_covid_19_time_series/time_series_covid19_confirmed_global.csv
0.000000000000000000e+00
0.000000000000000000e+00
0.000000000000000000e+00
0.000000000000000000e+00
0.000000000000000000e+00
0.000000000000000000e+00
0.000000000000000000e+00
0.000000000000000000e+00
0.000000000000000000e+00
0.000000000000000000e+00
0.000000000000000000e+00
0.000000000000000000e+00
0.000000000000000000e+00
0.000000000000000000e+00
0.000000000000000000e+00
0.000000000000000000e+00
0.000000000000000000e+00
0.000000000000000000e+00
0.000000000000000000e+00
0.000000000000000000e+00
0.000000000000000000e+00
0.000000000000000000e+00
0.000000000000000000e+00
0.000000000000000000e+00
0.000000000000000000e+00
0.000000000000000000e+00
0.000000000000000000e+00
0.000000000000000000e+00
0.000000000000000000e+00
0.000000000000000000e+00
0.000000000000000000e+00
0.000000000000000000e+00
0.000000000000000000e+00
2.631578947368421125e-08
2.631578947368421125e-08
2.631578947368421125e-08
2.631578947368421125e-08
2.631578947368421125e-08
2.631578947368421125e-08
2.631578947368421125e-08
2.631578947368421125e-08
5.263157894736842250e-08
1.052631578947368450e-07
1.052631578947368450e-07
1.052631578947368450e-07
1.052631578947368450e-07
1.315789473684210397e-07
1.842105263157894821e-07
2.105263157894736900e-07
2.894736842105263138e-07
3.157894736842105482e-07
3.421052631578947297e-07
3.947368421052631456e-07
4.210526315789473800e-07
4.736842105263157959e-07
5.263157894736841588e-07
6.315789473684210965e-07
6.578947368421052780e-07
7.631578947368421097e-07
7.894736842105262912e-07
8.947368421052631230e-07
1.078947368421052711e-06
1.131578947368421074e-06
1.999999999999999909e-06
2.105263157894736635e-06
2.394736842105263055e-06
2.815789473684210382e-06
3.105263157894736802e-06
3.842105263157894730e-06
4.605263157894736840e-06
5.184210526315789679e-06
6.315789473684210330e-06
7.236842105263157528e-06
7.894736842105262912e-06
8.894736842105263502e-06
9.684210526315788946e-06
1.115789473684210480e-05
1.171052631578947346e-05
1.276315789473684241e-05
1.399999999999999979e-05
1.463157894736842184e-05
1.599999999999999928e-05
1.752631578947368350e-05
1.881578947368420923e-05
2.065789473684210363e-05
2.213157894736842118e-05
2.386842105263157885e-05
2.457894736842105429e-05
2.623684210526315688e-05
2.702631578947368402e-05
2.876315789473684169e-05
3.097368421052631293e-05
3.252631578947368557e-05
3.502631578947368535e-05
3.852631578947368233e-05
4.031578947368421006e-05
4.484210526315789266e-05
4.815789473684210461e-05
5.105263157894736965e-05
5.597368421052631752e-05
6.028947368421052667e-05
6.499999999999999431e-05
7.118421052631578288e-05
7.618421052631579600e-05
8.486842105263157758e-05
8.928947368421052684e-05
9.378947368421052780e-05
9.950000000000000619e-05
1.063684210526315852e-04
1.158684210526315857e-04
1.233421052631578899e-04
1.307368421052631559e-04
1.375526315789473580e-04
1.484210526315789529e-04
1.593157894736842227e-04
1.685000000000000029e-04
1.753947368421052567e-04
1.861315789473684231e-04
2.014210526315789401e-04
2.143684210526315811e-04
2.283421052631578942e-04
2.426052631578947392e-04
2.631842105263158013e-04
2.785526315789473429e-04
2.941052631578947442e-04
3.114210526315789305e-04
3.278684210526316024e-04
3.431315789473684446e-04
3.595263157894736583e-04
3.823157894736842221e-04
4.002105263157894723e-04
4.145526315789473419e-04
4.345263157894736924e-04
4.544736842105263409e-04
4.751842105263158044e-04
4.992631578947367890e-04
5.145789473684210351e-04
5.353947368421052523e-04
5.505263157894736388e-04
5.647894736842105651e-04
5.827894736842105690e-04
6.024736842105263062e-04
6.197368421052631970e-04
6.343684210526316257e-04
6.518421052631579154e-04
6.718684210526316156e-04
6.924736842105263255e-04
7.073157894736842614e-04
7.246315789473684477e-04
7.337368421052631491e-04
7.481052631578947749e-04
7.588684210526315619e-04
7.670263157894736429e-04
7.755526315789473346e-04
7.817105263157894755e-04
7.938157894736842498e-04
8.010789473684210059e-04
8.054210526315789577e-04
8.146578947368421147e-04
8.217894736842105237e-04
8.291315789473684399e-04
8.375263157894736760e-04
8.424210526315789897e-04
8.503684210526315634e-04
8.595263157894736687e-04
8.668684210526315850e-04
8.731578947368420730e-04
8.782631578947368940e-04
8.837894736842105128e-04
8.920526315789474017e-04
8.995789473684210691e-04
9.041052631578947721e-04
9.063421052631578673e-04
9.103947368421052601e-04
9.139473684210525865e-04
9.206315789473684414e-04
9.226315789473683816e-04
9.268157894736842300e-04
9.283947368421052639e-04
9.329736842105262624e-04
9.340263157894736906e-04
9.369736842105263596e-04
9.399210526315789202e-04
9.452105263157894923e-04
9.467894736842105263e-04
9.480526315789473534e-04
9.512368421052631775e-04
9.540263157894736347e-04
9.567894736842105525e-04
9.595526315789473619e-04
9.613684210526315509e-04
9.648684210526315818e-04
9.657894736842105544e-04
9.658157894736842022e-04
9.667631578947368225e-04
9.677105263157894429e-04
9.689473684210526223e-04
9.717894736842104834e-04
9.738421052631579360e-04
9.748947368421052558e-04
9.758684210526316323e-04
9.777105263157894691e-04
9.805263157894737909e-04
9.825263157894736227e-04
9.847894736842105826e-04
9.867631578947368750e-04
9.879473684210526505e-04
9.892105263157894776e-04
9.912368421052630656e-04
9.923684210526315455e-04
9.934210526315789738e-04
9.961052631578947315e-04
9.969736842105263001e-04
9.985263157894735779e-04
9.997368421052631095e-04
1.001184210526315796e-03
1.001605263157894811e-03
1.002710526315789535e-03
1.003131578947368333e-03
1.003421052631579000e-03
1.003500000000000052e-03
1.004078947368420953e-03
1.004184210526315761e-03
1.005078947368421086e-03
1.006394736842105208e-03
1.007578947368420984e-03
1.007999999999999998e-03
1.008526315789473604e-03
1.010473684210526357e-03
1.013000000000000012e-03
1.013684210526315721e-03
1.014315789473684134e-03
1.015052631578947356e-03
1.015947368421052681e-03
1.016868421052631545e-03
1.018842105263157837e-03
1.020315789473684280e-03
1.021447368421052543e-03
1.022499999999999971e-03
1.022947368421052525e-03
1.023605263157894695e-03
1.024184210526315813e-03
1.027473684210526228e-03
1.028263157894736745e-03
1.028842105263157863e-03
1.030131578947368447e-03
1.030789473684210616e-03
1.031210526315789414e-03
1.031368421052631518e-03
1.032289473684210599e-03
1.032605263157894806e-03
1.033000000000000064e-03
1.033368421052631566e-03
1.033815789473684120e-03
1.033947368421052684e-03
1.034131578947368327e-03
1.035289473684210563e-03
1.037421052631578959e-03
1.039105263157894801e-03
1.040736842105263130e-03
1.042526315789473780e-03
1.044552631578947368e-03
1.044815789473684279e-03
1.047342105263157934e-03
1.049210526315789418e-03
1.050736842105263157e-03
1.052473684210526294e-03
1.053315789473684106e-03
1.054947368421052653e-03
1.056342105263157827e-03
1.057894736842105322e-03
1.060184210526315821e-03
1.062342105263157973e-03
1.066052631578947403e-03
1.069105263157894663e-03
1.070710526315789453e-03
1.072842105263157849e-03
1.074552631578947447e-03
1.077289473684210500e-03
1.079789473684210615e-03
1.082763157894736823e-03
1.085999999999999943e-03
1.087736842105263080e-03
1.090131578947368387e-03
1.092131578947368436e-03
1.095605263157894711e-03
1.098105263157894826e-03
1.100368421052631569e-03
1.103552631578947393e-03
1.104605263157894821e-03
1.106131578947368342e-03
1.109447368421052731e-03
1.113078947368421109e-03
1.117447368421052708e-03
1.121289473684210485e-03
1.126184210526315690e-03
1.130763157894736906e-03
1.132500000000000043e-03
1.137894736842105315e-03
1.143894736842105244e-03
1.149499999999999914e-03
1.155894736842105319e-03
1.162552631578947417e-03
1.167447368421052623e-03
1.171131578947368513e-03
1.176473684210526272e-03
1.183894736842105349e-03
1.188789473684210554e-03
1.194315789473684173e-03
1.199999999999999895e-03
1.203236842105263231e-03
1.206421052631579055e-03
1.213578947368421004e-03
1.217736842105263204e-03
1.224105263157894636e-03
1.229421052631578856e-03
1.232552631578947384e-03
1.232552631578947384e-03
1.238736842105263173e-03
1.244894736842105205e-03
1.250421052631579041e-03
1.255684210526315748e-03
1.259236842105263075e-03
1.264552631578947295e-03
1.266210526315789380e-03
1.269184210526315805e-03
1.277026315789473680e-03
1.282052631578947449e-03
1.288210526315789481e-03
1.293710526315789561e-03
1.299421052631579039e-03
1.305815789473684227e-03
1.307394736842105261e-03
1.310973684210526343e-03
1.316131578947368460e-03
1.320789473684210510e-03
1.327184210526315697e-03
1.333026315789473740e-03
1.337105263157894672e-03
1.339105263157894720e-03
1.343131578947368357e-03
1.349473684210526249e-03
1.351315789473684194e-03
1.352763157894736881e-03
1.355947368421052705e-03
1.355947368421052705e-03
1.355947368421052705e-03
1.355947368421052705e-03
1.395026315789473729e-03
1.397500000000000088e-03
1.397500000000000088e-03
1.400184210526315845e-03
1.403473684210526260e-03
1.405263157894736910e-03
1.407605263157894705e-03
1.408894736842105288e-03
1.410105263157894820e-03
1.410105263157894820e-03
1.415131578947368372e-03
1.416605263157894815e-03
1.419421052631578920e-03
1.420631578947368452e-03
1.422684210526315796e-03
1.424763157894736896e-03
1.428368421052631518e-03
1.431657894736842150e-03
1.433763157894736790e-03
1.435763157894736838e-03
1.436710526315789459e-03
1.438736842105263264e-03
1.440789473684210608e-03
1.443526315789473661e-03
1.444500000000000037e-03
1.445763157894736865e-03
1.447578947368421054e-03
1.447973684210526312e-03
1.448921052631578932e-03
1.450552631578947262e-03
1.451947368421052653e-03
1.453447368421052635e-03
1.454342105263157960e-03
1.456052631578947341e-03
1.456184210526315689e-03
1.456815789473684102e-03
1.457473684210526272e-03
1.457947368421052582e-03
1.458421052631578892e-03
1.459078947368421062e-03
1.459815789473684284e-03
1.460315789473684133e-03
1.460894736842105251e-03
1.461000000000000059e-03
1.461578947368420960e-03
1.462026315789473731e-03
1.462500000000000041e-03
1.462631578947368389e-03
1.463263157894736802e-03
1.463605263157894765e-03
1.464368421052631526e-03
1.464842105263157836e-03
1.465263157894736851e-03
1.465684210526315865e-03
1.465973684210526316e-03
1.466157894736842176e-03
1.466657894736842025e-03
1.467342105263157951e-03
1.467631578947368402e-03
1.467763157894736749e-03
1.469131578947368384e-03
1.469473684210526347e-03
1.469657894736842206e-03
1.470421052631578967e-03
1.470421052631578967e-03
1.470894736842105277e-03
1.471499999999999935e-03
1.472605263157894659e-03
1.472605263157894659e-03
1.473289473684210584e-03
1.473289473684210584e-03
1.473552631578947279e-03
1.474105263157894641e-03
1.474842105263157862e-03
1.475500000000000032e-03
1.476131578947368446e-03
1.476394736842105357e-03
1.477710526315789480e-03
1.478342105263157893e-03
1.478736842105263152e-03
1.479631578947368476e-03
1.480368421052631481e-03
1.481315789473684318e-03
1.481421052631578909e-03
1.482157894736842131e-03
1.483789473684210460e-03
1.485631578947368405e-03
1.487289473684210491e-03
1.488736842105263178e-03
1.489342105263157835e-03
1.491473684210526231e-03
1.492552631578947415e-03
1.494184210526315745e-03
1.496657894736842104e-03
1.498500000000000049e-03
1.500500000000000098e-03
1.503789473684210513e-03
1.504210526315789527e-03
1.506368421052631679e-03
1.509578947368421043e-03
1.512947368421052726e-03
1.514052631578947450e-03
1.516105263157894794e-03
1.518973684210526412e-03
1.520868421052631652e-03
1.523631578947368462e-03
1.527289473684210596e-03
1.531947368421052646e-03
1.534526315789473596e-03
1.540578947368421037e-03
1.545526315789473755e-03
1.548499999999999963e-03
1.553026315789473666e-03
1.558552631578947285e-03
1.562368421052631523e-03
1.567789473684210550e-03
1.572236842105263202e-03
1.577342105263157806e-03
1.582157894736842176e-03
1.586842105263157983e-03
1.593763157894736776e-03
1.599921052631579025e-03
1.609526315789473576e-03
1.617236842105263103e-03
1.625131578947368489e-03
1.627421052631578989e-03
1.633236842105263058e-03
1.642184210526315873e-03
1.650473684210526301e-03
1.659078947368421153e-03
1.667236842105263234e-03
1.668736842105263216e-03
1.670631578947368457e-03
1.673631578947368422e-03
1.679447368421052708e-03
1.687421052631578929e-03
1.699342105263157952e-03
1.712631578947368394e-03
1.723315789473684129e-03
1.729684210526315777e-03
1.744078947368421159e-03
1.760605263157894720e-03
1.782710526315789412e-03
1.799105263157894843e-03
1.819210526315789486e-03
1.845026315789473608e-03
1.862131578947368504e-03
1.890473684210526280e-03
1.920447368421052603e-03
1.948052631578947374e-03
1.976815789473684165e-03
2.016526315789473819e-03
2.051657894736842042e-03
2.084842105263157944e-03
2.127394736842105460e-03
2.166473684210526267e-03
2.211842105263157887e-03
2.260315789473684063e-03
2.308315789473684362e-03
2.335263157894736964e-03
2.364763157894736977e-03
2.406789473684210669e-03
2.454526315789473841e-03
2.454947368421052638e-03
2.540289473684210608e-03
2.598263157894736743e-03
2.598263157894736743e-03
2.598263157894736743e-03
2.734263157894737013e-03
2.782868421052631536e-03
2.840973684210526453e-03
2.882421052631578811e-03
2.936631578947368221e-03
2.936631578947368221e-03
2.936631578947368221e-03
3.046078947368420931e-03
3.083105263157894828e-03
3.122605263157894866e-03
3.163578947368420914e-03
3.163578947368420914e-03
3.163578947368420914e-03
3.163578947368420914e-03
3.314131578947368453e-03
3.354315789473684417e-03
3.395289473684210465e-03
3.424026315789473716e-03
3.462789473684210317e-03
3.462789473684210317e-03
3.462789473684210317e-03
3.543500000000000209e-03
3.543500000000000209e-03
3.595868421052631457e-03
3.627710526315789264e-03
3.627710526315789264e-03
3.627710526315789264e-03
3.627710526315789264e-03
3.723394736842105222e-03
3.747736842105263335e-03
3.747736842105263335e-03
3.767973684210526326e-03
3.774710526315789259e-03
3.774710526315789259e-03
3.774710526315789259e-03
3.796973684210526272e-03
3.815999999999999948e-03
3.830315789473684278e-03
3.841999999999999929e-03
3.855868421052631705e-03
3.855868421052631705e-03
3.855868421052631705e-03
3.894342105263157855e-03
3.909789473684210231e-03
3.919289473684210191e-03
3.930552631578947478e-03
3.942368421052631910e-03
3.942368421052631910e-03
3.942368421052631910e-03
3.967842105263157636e-03
3.974026315789473858e-03
3.981342105263158127e-03
3.988499999999999858e-03
3.993947368421052642e-03
3.993947368421052642e-03
3.993947368421052642e-03
4.003736842105263052e-03
4.006394736842105488e-03