population: 19.100.000 (Wikipedia)
country: Chile
time: 1/22/20 - 8/17/21
source: https://github.com/CSSEGISandData/COVID-19/blob/master/csse_covid_19_data/csse_covid_19_time_series/time_series_covid19_confirmed_global.csv
0.000000000000000000e+00
0.000000000000000000e+00
0.000000000000000000e+00
0.000000000000000000e+00
0.000000000000000000e+00
0.000000000000000000e+00
0.000000000000000000e+00
0.000000000000000000e+00
0.000000000000000000e+00
0.000000000000000000e+00
0.000000000000000000e+00
0.000000000000000000e+00
0.000000000000000000e+00
0.000000000000000000e+00
0.000000000000000000e+00
0.000000000000000000e+00
0.000000000000000000e+00
0.000000000000000000e+00
0.000000000000000000e+00
0.000000000000000000e+00
0.000000000000000000e+00
0.000000000000000000e+00
0.000000000000000000e+00
0.000000000000000000e+00
0.000000000000000000e+00
0.000000000000000000e+00
0.000000000000000000e+00
0.000000000000000000e+00
0.000000000000000000e+00
0.000000000000000000e+00
0.000000000000000000e+00
0.000000000000000000e+00
0.000000000000000000e+00
1.047120418848167524e-07
1.047120418848167524e-07
1.047120418848167524e-07
1.047120418848167524e-07
1.047120418848167524e-07
1.047120418848167524e-07
1.047120418848167524e-07
4.712041884816753794e-07
4.712041884816753794e-07
5.235602094240838019e-07
5.235602094240838019e-07
6.806282722513089107e-07
6.806282722513089107e-07
6.806282722513089107e-07
1.047120418848167604e-06
1.047120418848167604e-06
1.308900523560209346e-06
1.832460732984293254e-06
1.832460732984293254e-06
2.879581151832460858e-06
4.607329842931937372e-06
5.287958115183246071e-06
9.528795811518325174e-06
1.193717277486910954e-05
1.387434554973821996e-05
1.387434554973821996e-05
2.413612565445026167e-05
3.099476439790575989e-05
3.596858638743455214e-05
4.193717277486910691e-05
5.115183246073298166e-05
6.267015706806282848e-05
7.125654450261779559e-05
8.717277486910994164e-05
1.054973821989528754e-04
1.175392670157068007e-04
1.337696335078534073e-04
1.489005235602094154e-04
1.642408376963350820e-04
1.837696335078534029e-04
2.012041884816753831e-04
2.280104712041884684e-04
2.442408376963351021e-04
2.622513089005235618e-04
2.780104712041884911e-04
3.005235602094240657e-04
3.228272251308900360e-04
3.505235602094240884e-04
3.856544502617800948e-04
4.006282722513088861e-04
4.169633507853402949e-04
4.374869109947643851e-04
4.561256544502617660e-04
4.840837696335078644e-04
5.073821989528795769e-04
5.548691099476440233e-04
5.736125654450261249e-04
5.955497382198952742e-04
6.125654450261780459e-04
6.368586387434555006e-04
6.638743455497381901e-04
6.897382198952879207e-04
7.610994764397906133e-04
7.858638743455497724e-04
8.110994764397905276e-04
8.400000000000000348e-04
8.672251308900523828e-04
9.268062827225131148e-04
9.783769633507854134e-04
1.110628272251308959e-03
1.174921465968586411e-03
1.226230366492146555e-03
1.298115183246073339e-03
1.352146596858638718e-03
1.432408376963350757e-03
1.505235602094240734e-03
1.686282722513088956e-03
1.772513089005235557e-03
1.835183246073298453e-03
1.921989528795811425e-03
2.061256544502617933e-03
2.200471204188481512e-03
2.331465968586387324e-03
2.618638743455497207e-03
2.741832460732984353e-03
2.861099476439790592e-03
3.045392670157067924e-03
3.256806282722513046e-03
3.464345549738219975e-03
3.688219895287958312e-03
4.203507853403141113e-03
4.397696335078533914e-03
4.653979057591623239e-03
4.861518324607330167e-03
5.088115183246073522e-03
5.331780104712041495e-03
5.525235602094240653e-03
6.215706806282722541e-03
6.468586387434555052e-03
6.754973821989528580e-03
6.939685863874345446e-03
7.198429319371727961e-03
7.442617801047120459e-03
7.662879581151832431e-03
8.395340314136126234e-03
8.730680628272251276e-03
8.976544502617801041e-03
9.181413612565445664e-03
9.479685863874345170e-03
9.774764397905758712e-03
1.012837696335078599e-02
1.055675392670156996e-02
1.091999999999999915e-02
1.118926701570680665e-02
1.145172774869109879e-02
1.155120418848167539e-02
1.178549738219895372e-02
1.211481675392670106e-02
1.239518324607329774e-02
1.268874345549738172e-02
1.293000000000000052e-02
1.312916230366492111e-02
1.332020942408376936e-02
1.356356020942408452e-02
1.378848167539267061e-02
1.401916230366492128e-02
1.423989528795811463e-02
1.445020942408377015e-02
1.462790575916230428e-02
1.476664921465968561e-02
1.489743455497382144e-02
1.508319371727748735e-02
1.527994764397905790e-02
1.547287958115183167e-02
1.563125654450261623e-02
1.576015706806282654e-02
1.586821989528795773e-02
1.603225130890052405e-02
1.619235602094240903e-02
1.633659685863874181e-02
1.649429319371727848e-02
1.663125654450261712e-02
1.672738219895288092e-02
1.681701570680628130e-02
1.694753926701570573e-02
1.709104712041884661e-02
1.721706806282722463e-02
1.732617801047120487e-02
1.743607329842931930e-02
1.752267015706806402e-02
1.761267015706806383e-02
1.773607329842932095e-02
1.786931937172774737e-02
1.798910994764398030e-02
1.810418848167539424e-02
1.821586387434554963e-02
1.831413612565445034e-02
1.840706806282722471e-02
1.850973821989528728e-02
1.862130890052356158e-02
1.872554973821989599e-02
1.883408376963350769e-02
1.892633507853403244e-02
1.900324607329842777e-02
1.909544502617801023e-02
1.919743455497382317e-02
1.931020942408376989e-02
1.942528795811518383e-02
1.953172774869110090e-02
1.963581151832460847e-02
1.971811518324607243e-02
1.979937172774869081e-02
1.989706806282722645e-02
2.000581151832460727e-02
2.009958115183246158e-02
2.020659685863874372e-02
2.028806282722513121e-02
2.035890052356020830e-02
2.042078534031413484e-02
2.051565445026178047e-02
2.061617801047120266e-02
2.071769633507853509e-02
2.082015706806282854e-02
2.091979057591623198e-02
2.099397905759162186e-02
2.106623036649214742e-02
2.115717277486910824e-02
2.125507853403141301e-02
2.136172774869109919e-02
2.146460732984293088e-02
2.155633507853403283e-02
2.163062827225130727e-02
2.171408376963350831e-02
2.180633507853403305e-02
2.190937172774869157e-02
2.201225130890052326e-02
2.212094240837696180e-02
2.221329842931937110e-02
2.227963350785340177e-02
2.235743455497382279e-02
2.244340314136125669e-02
2.254109947643978887e-02
2.265267015706806317e-02
2.276167539267015538e-02
2.284989528795811423e-02
2.293104712041884805e-02
2.299931937172774998e-02
2.309685863874345532e-02
2.318465968586387593e-02
2.328136125654450134e-02
2.336513089005235605e-02
2.342764397905758994e-02
2.348287958115183316e-02
2.355513089005235525e-02
2.364575916230366587e-02
2.376272251308900532e-02
2.387324607329843057e-02
2.397387434554973731e-02
2.406654450261780029e-02
2.415183246073298456e-02
2.424036649214659708e-02
2.433246073298429152e-02
2.442879581151832444e-02
2.452727748691099427e-02
2.461670157068062900e-02
2.469874345549738157e-02
2.478041884816753818e-02
2.483979057591623185e-02
2.492230366492146493e-02
2.501408376963350916e-02
2.510968586387434670e-02
2.520267015706806335e-02
2.527916230366492045e-02
2.535497382198952793e-02
2.541214659685863894e-02
2.547099476439790636e-02
2.555968586387434571e-02
2.565460732984293363e-02
2.574659685863874350e-02
2.582748691099476593e-02
2.588890052356020849e-02
2.594958115183245914e-02
2.602780104712041839e-02
2.612073298429319276e-02
2.620638743455497299e-02
2.628602094240837725e-02
2.636638743455497341e-02
2.641492146596858756e-02
2.646753926701570642e-02
2.654712041884816839e-02
2.662675392670156918e-02
2.671497382198952802e-02
2.679916230366492097e-02
2.686596858638743562e-02
2.692157068062827133e-02
2.696554973821989679e-02
2.704617801047120434e-02
2.714083769633507739e-02
2.722392670157067901e-02
2.730670157068062695e-02
2.737586387434555110e-02
2.742968586387434585e-02
2.747664921465968468e-02
2.756219895287958035e-02
2.764554973821989683e-02
2.773172774869109986e-02
2.781534031413612426e-02
2.788502617801047120e-02
2.793769633507853234e-02
2.798732984293193782e-02
2.806345549738219897e-02
2.814581151832460867e-02
2.822738219895288073e-02
2.830575916230366335e-02
2.838115183246073259e-02
2.843387434554973947e-02
2.848649214659685833e-02
2.856869109947644120e-02
2.865146596858638914e-02
2.874036649214659761e-02
2.881832460732984200e-02
2.888706806282722445e-02
2.894575916230366502e-02
2.899989528795811691e-02
2.907884816753926807e-02
2.916937172774869066e-02
2.924963350785340227e-02
2.933937172774869068e-02
2.943151832460733086e-02
2.950439790575916377e-02
2.956952879581151855e-02
2.965654450261780151e-02
2.973685863874345539e-02
2.983146596858638616e-02
2.994340314136125641e-02
3.004345549738219809e-02
3.012193717277486874e-02
3.019534031413612443e-02
3.030010471204188510e-02
3.042591623036649054e-02
3.054214659685863809e-02
3.065685863874345607e-02
3.078497382198952873e-02
3.084759162303665064e-02
3.093790575916230412e-02
3.110743455497382362e-02
3.119534031413612532e-02
3.132952879581151623e-02
3.141910994764397780e-02
3.151979057591623029e-02
3.162230366492146255e-02
3.177748691099476636e-02
3.188340314136125370e-02
3.207141361256544282e-02
3.224617801047120758e-02
3.236602094240837585e-02
3.249429319371727881e-02
3.262308900523560456e-02
3.274780104712041867e-02
3.294115183246073414e-02
3.316130890052355895e-02
3.338963350785340012e-02
3.360853403141361023e-02
3.381633507853402942e-02
3.398612565445026379e-02
3.416361256544502706e-02
3.438282722513089085e-02
3.461675392670156975e-02
3.484256544502617459e-02
3.506973821989528561e-02
3.527486910994764163e-02
3.545293193717277691e-02
3.564083769633508147e-02
3.586947643979057632e-02
3.612910994764397671e-02
3.636895287958115397e-02
3.660261780104712148e-02
3.681560209424084018e-02
3.698952879581152153e-02
3.716691099476440024e-02
3.738968586387434595e-02
3.763083769633508019e-02
3.784816753926701499e-02
3.806853403141361586e-02
3.826638743455497427e-02
3.843115183246073596e-02
3.856780104712041746e-02
3.875586387434554886e-02
3.895387434554974104e-02
3.916659685863874141e-02
3.936575916230366373e-02
3.954712041884816953e-02
3.969575916230366763e-02
3.982073298429319314e-02
4.001607329842932215e-02
4.023408376963350658e-02
4.043958115183245855e-02
4.063921465968586139e-02
4.081366492146596553e-02
4.094445026178010483e-02
4.106356020942408119e-02
4.126397905759162515e-02
4.146277486910994459e-02
4.166727748691099326e-02
4.185654450261780402e-02
4.204235602094241048e-02
4.216319371727748899e-02
4.229696335078533820e-02
4.253109947643979316e-02
4.277115183246073260e-02
4.300617801047120631e-02
4.317408376963350475e-02
4.344345549738219681e-02
4.358701570680627996e-02
4.374617801047120391e-02
4.398528795811518233e-02
4.426439790575915911e-02
4.452790575916230204e-02
4.480549738219895273e-02
4.505408376963350447e-02
4.523895287958114991e-02
4.544235602094241072e-02
4.573361256544502401e-02
4.604633507853403418e-02
4.635492146596858348e-02
4.665497382198952742e-02
4.692308900523560478e-02
4.716136125654449979e-02
4.734094240837696116e-02
4.772089005235602421e-02
4.806560209424083630e-02
4.843397905759162098e-02
4.879261780104712093e-02
4.911486910994764671e-02
4.936952879581151671e-02
4.962214659685863782e-02
4.999178010471204414e-02
5.038329842931937169e-02
5.078078534031413294e-02
5.116455497382198930e-02
5.154366492146596895e-02
5.180586387434554796e-02
5.212240837696335144e-02
5.253434554973822335e-02
5.295732984293193696e-02
5.337581151832460763e-02
5.375837696335078464e-02
5.406345549738220124e-02
5.433403141361256572e-02
5.460848167539267273e-02
5.504031413612565232e-02
5.551942408376963484e-02
5.594356020942408553e-02
5.636120418848167279e-02
5.669738219895287951e-02
5.700052356020942484e-02
5.729146596858638446e-02
5.768052356020942489e-02
5.807910994764398094e-02
5.849989528795811189e-02
5.888575916230366636e-02
5.923246073298429198e-02
5.948633507853403474e-02
5.975931937172775099e-02
6.012146596858639058e-02
6.051842931937172904e-02
6.088015706806283039e-02
6.123225130890052464e-02
6.155047120418848106e-02
6.176816753926701875e-02
6.200371727748690831e-02
6.235554973821989810e-02
6.273534031413612044e-02
6.302382198952879988e-02
6.339895287958115244e-02
6.365523560209424003e-02
6.382534031413612807e-02
6.402874345549738888e-02
6.435853403141361673e-02
6.470041884816754574e-02
6.502492146596858258e-02
6.531251308900523633e-02
6.559204188481675135e-02
6.578774869109947632e-02
6.599204188481674893e-02
6.631418848167539015e-02
6.667623036649214519e-02
6.702890052356021144e-02
6.735853403141361939e-02
6.764900523560209156e-02
6.784617801047120034e-02
6.809575916230366233e-02
6.849795811518324951e-02
6.889596858638744048e-02
6.928863874345549123e-02
6.962921465968587020e-02
6.990895287958115434e-02
7.012675392670157659e-02
7.039884816753926022e-02
7.082319371727748003e-02
7.127649214659685650e-02
7.170664921465969011e-02
7.212078534031413080e-02
7.247884816753927262e-02
7.274120418848167846e-02
7.303523560209423948e-02
7.346078534031413865e-02
7.389246073298429140e-02
7.435947643979057275e-02
7.476209424083769817e-02
7.512481675392669589e-02
7.541450261780104081e-02
7.569465968586387705e-02
7.609827225130889883e-02
7.651408376963350633e-02
7.691057591623036427e-02
7.730225130890051866e-02
7.762633507853403114e-02
7.786591623036649701e-02
7.809219895287958235e-02
7.844141361256544431e-02
7.879586387434554806e-02
7.912434554973822587e-02
7.942502617801047715e-02
7.969753926701571289e-02
7.989178010471204017e-02
8.002141361256544239e-02
8.020272251308900591e-02
8.049586387434555512e-02
8.076659685863873950e-02
8.100015706806282245e-02
8.121136125654450366e-02
8.134942408376963363e-02
8.146083769633508109e-02
8.159984293193717209e-02
8.181219895287958344e-02
8.201366492146597298e-02
8.218764397905758967e-02
8.233549738219894665e-02
8.243272251308900178e-02
8.253068062827224882e-02
8.270109947643979054e-02
8.284769633507853281e-02
8.299267015706805750e-02
8.311403141361256575e-02
8.322633507853402501e-02
8.329251308900523232e-02
8.335759162303664482e-02
8.348146596858638246e-02
8.358895287958115206e-02
8.369010471204188506e-02
8.376329842931937164e-02
8.381586387434554475e-02
8.386691099476439870e-02
8.391905759162303358e-02
8.401638743455497327e-02
8.410251308900523748e-02
8.417534031413612117e-02
8.425010471204189000e-02
8.431125654450262463e-02
8.435026178010471276e-02
8.439356020942408165e-02
8.446534031413611976e-02
8.453554973821988949e-02
8.459534031413612487e-02
8.465664921465967940e-02
8.470429319371727828e-02
8.473596858638743345e-02
8.477397905759162522e-02
8.483712041884816646e-02
8.489900523560209300e-02
8.494811518324607569e-02
8.499282722513089305e-02
8.504272251308900299e-02
8.506926701570680094e-02
8.510298429319371194e-02
8.516204188481675541e-02
8.520565445026177798e-02
8.525094240837696735e-02
8.529801047120419422e-02
8.533675392670156401e-02
8.535759162303664660e-02