population: 5.840.045 (Wikipedia)
country: Denmark mainlannd
time: 1/22/20 - 8/17/21
source: https://github.com/CSSEGISandData/COVID-19/blob/master/csse_covid_19_data/csse_covid_19_time_series/time_series_covid19_confirmed_global.csv
0.000000000000000000e+00
0.000000000000000000e+00
0.000000000000000000e+00
0.000000000000000000e+00
0.000000000000000000e+00
0.000000000000000000e+00
0.000000000000000000e+00
0.000000000000000000e+00
0.000000000000000000e+00
0.000000000000000000e+00
0.000000000000000000e+00
0.000000000000000000e+00
0.000000000000000000e+00
0.000000000000000000e+00
0.000000000000000000e+00
0.000000000000000000e+00
0.000000000000000000e+00
0.000000000000000000e+00
0.000000000000000000e+00
0.000000000000000000e+00
0.000000000000000000e+00
0.000000000000000000e+00
0.000000000000000000e+00
0.000000000000000000e+00
0.000000000000000000e+00
0.000000000000000000e+00
0.000000000000000000e+00
0.000000000000000000e+00
0.000000000000000000e+00
0.000000000000000000e+00
0.000000000000000000e+00
0.000000000000000000e+00
0.000000000000000000e+00
0.000000000000000000e+00
0.000000000000000000e+00
0.000000000000000000e+00
1.712315572910825170e-07
1.712315572910825170e-07
5.136946718732475510e-07
6.849262291643300680e-07
6.849262291643300680e-07
1.027389343746495102e-06
1.712315572910825170e-06
1.712315572910825170e-06
3.938325817694898209e-06
3.938325817694898209e-06
5.993104505187887989e-06
1.541084015619742674e-05
4.486266801026361924e-05
7.568434832265846595e-05
1.053074077340157534e-04
1.371564773901570950e-04
1.416084978797252304e-04
1.479440654994952913e-04
1.565056433640494335e-04
1.672932314733876298e-04
1.809917560566742193e-04
1.970875224420359816e-04
2.148956044003085507e-04
2.270530449679754250e-04
2.388680224210601162e-04
2.482857580720696346e-04
2.724294076501122645e-04
2.952032047698262707e-04
3.214016330353618904e-04
3.503397662175548118e-04
3.768806575976726145e-04
4.100995797121426340e-04
4.412637231391196638e-04
4.897222538524960422e-04
5.320164485033933429e-04
5.797900529876053553e-04
6.433169607425970283e-04
6.981110590757433863e-04
7.481106738047395071e-04
8.015349196795572414e-04
8.683152270230794093e-04
9.249928724864277469e-04
9.648898253352500374e-04
9.963964318768091417e-04
1.026704417517330849e-03
1.057183634715143459e-03
1.081840978965059336e-03
1.114888669522238291e-03
1.143998034261722386e-03
1.177901882605356717e-03
1.211120804719826574e-03
1.240058937902019549e-03
1.264373819037353406e-03
1.286805153042485175e-03
1.317626833354880022e-03
1.354784081287044957e-03
1.382352362010909200e-03
1.405811085359787464e-03
1.446050501323191883e-03
1.468310603771032534e-03
1.489372085317835787e-03
1.515570513583371299e-03
1.542453868078071284e-03
1.568138601671733657e-03
1.594337029937269385e-03
1.610775259437213303e-03
1.630638120082978726e-03
1.655809159004767959e-03
1.681665124155721450e-03
1.701699216358777992e-03
1.726527792165984988e-03
1.749644052400281232e-03
1.766938439686680526e-03
1.785773910988699672e-03
1.800157361801150600e-03
1.813513423269855034e-03
1.826527021623977230e-03
1.834403673259366952e-03
1.847759734728071385e-03
1.859232249066573948e-03
1.871047226519658747e-03
1.878067720368593093e-03
1.891081318722715289e-03
1.903581222404964347e-03
1.914711273628884672e-03
1.922930388378856631e-03
1.933033050259030461e-03
1.945190490826697498e-03
1.949813742873556617e-03
1.956834236722491179e-03
1.965738277701627179e-03
1.971217687534942108e-03
1.985087443675519463e-03
1.991936705967162907e-03
1.998101042029641877e-03
2.003237988748374568e-03
2.009231093253562202e-03
2.015566660873332507e-03
2.022415923164975517e-03
2.033374742831604940e-03
2.041765089138867801e-03
2.045874646513853781e-03
2.048271888315929008e-03
2.054949919050281116e-03
2.057518392409647678e-03
2.060771791998178282e-03
2.071730611664807271e-03
2.078579873956450715e-03
2.087826378050168952e-03
2.091935935425154932e-03
2.097586576815760762e-03
2.105120765336568681e-03
2.113682343201122443e-03
2.121730226393803501e-03
2.121730226393803501e-03
2.121730226393803501e-03
2.145017718185390863e-03
2.150839591133287595e-03
2.160086095227005832e-03
2.163681957930118673e-03
2.170359988664470781e-03
2.170359988664470781e-03
2.170359988664470781e-03
2.183373587018593194e-03
2.186284523492541560e-03
2.190736543982109777e-03
2.194332406685222617e-03
2.197243343159170983e-03
2.197243343159170983e-03
2.197243343159170983e-03
2.205119994794560705e-03
2.206832310367471458e-03
2.208887089054964448e-03
2.211626793971621912e-03
2.216763740690354170e-03
2.216763740690354170e-03
2.216763740690354170e-03
2.232345812403842712e-03
2.236455369778828691e-03
2.241763548054852284e-03
2.247242957888166779e-03
2.255633304195430074e-03
2.255633304195430074e-03
2.255633304195430074e-03
2.270872912794336378e-03
2.277722175085979822e-03
2.285941289835951781e-03
2.292790552127594791e-03
2.301009666877566751e-03
2.301009666877566751e-03
2.301009666877566751e-03
2.319673906622294994e-03
2.324810853341027252e-03
2.334571052106619062e-03
2.350153123820107604e-03
2.361111943486737027e-03
2.361111943486737027e-03
2.361111943486737027e-03
2.396556875845990992e-03
2.409741705757404307e-03
2.428919640174005690e-03
2.449638658606226489e-03
2.472926150397813851e-03
2.472926150397813851e-03
2.472926150397813851e-03
2.536795521267387436e-03
2.561452865517303314e-03
2.580459568376613361e-03
2.605116912626529238e-03
2.633370119579557956e-03
2.651178201537830823e-03
2.674123230214835514e-03
2.695184711761638985e-03
2.714876340850113506e-03
2.729431023219855337e-03
2.749293883865620760e-03
2.761451324433287797e-03
2.780629258849889179e-03
2.793985320318593396e-03
2.807683844901879850e-03
2.821896064157039877e-03
2.831656262922631687e-03
2.847067103078828893e-03
2.859567006761078167e-03
2.873094299787073719e-03
2.892272234203674668e-03
2.908368000589036349e-03
2.925319924760853840e-03
2.944326627620163887e-03
2.974977076375267832e-03
3.004600135786625065e-03
3.036962900114639329e-03
3.062133939036428779e-03
3.101517197213377822e-03
3.143126465635110757e-03
3.186105586515172207e-03
3.240385990176445751e-03
3.290385604905441547e-03
3.348775565941700637e-03
3.405795674519631212e-03
3.465213024899637013e-03
3.522404365034858490e-03
3.522404365034858490e-03
3.663156705128128507e-03
3.740895832138279881e-03
3.841751219382727282e-03
3.922058819752245219e-03
3.993633610699917624e-03
4.075139831970472741e-03
4.170687040938896549e-03
4.266405481464612126e-03
4.382500477307965832e-03
4.488492811271145924e-03
4.561094991562564607e-03
4.635580718984185812e-03
4.702703489442290434e-03
4.794141141035728262e-03
4.862291300837579162e-03
4.954071415545599662e-03
5.017427091743300108e-03
5.082152620399329503e-03
5.146706917498067128e-03
5.201843478945795615e-03
5.258521124409143953e-03
5.334890398960966812e-03
5.417424009575269074e-03
5.493450821012509262e-03
5.551669550491477451e-03
5.618278626277708500e-03
5.667935777892122058e-03
5.752181704079335073e-03
5.825811273714500901e-03
5.897386064662173306e-03
5.983001843307714403e-03
6.060227275645992638e-03
6.137623939541561775e-03
6.228205433348544227e-03
6.336081314441925974e-03
6.466217297983149238e-03
6.613305205696189126e-03
6.748406904398852879e-03
6.910220726038925933e-03
7.091041250538309033e-03
7.218608760720165302e-03
7.392751254485196294e-03
7.540010393755527951e-03
7.743947178489207078e-03
7.936753911998965447e-03
8.099081428310912073e-03
8.260381555279111554e-03
8.492057852293946260e-03
8.652330589918400330e-03
8.861746784485393519e-03
9.106094216739768835e-03
9.285887351895404790e-03
9.438454669441759606e-03
9.570474200113183658e-03
9.753007040185477511e-03
9.923211208132814293e-03
1.009632631255409814e-02
1.027389343746495064e-02
1.045848105622473878e-02
1.063964404383870369e-02
1.084426575480154642e-02
1.105316825469666690e-02
1.126840632221155769e-02
1.149049365201809149e-02
1.170573171953298228e-02
1.192370949196453096e-02
1.206925631566195187e-02
1.226942600613522595e-02
1.250349954495213675e-02
1.270606647722748693e-02
1.291000326196116606e-02
1.313654261225726851e-02
1.341667743998547872e-02
1.358756653416197911e-02
1.378088696234361192e-02
1.403225488844692115e-02
1.430382813831057760e-02
1.457865478776276466e-02
1.485313897410037165e-02
1.521529371777101056e-02
1.551409278524394988e-02
1.586443255146150269e-02
1.623258039963733010e-02
1.667059072318792176e-02
1.720688796062359166e-02
1.773342499929366975e-02
1.834163949079159472e-02
1.879403326515463601e-02
1.936543297183497894e-02
1.987775779124989484e-02
2.050994470076857382e-02
2.120069280288080019e-02
2.197260466314900074e-02
2.253510032885020636e-02
2.301934317286938661e-02
2.356694169308626990e-02
2.400238354327749110e-02
2.456693398766619102e-02
2.505819732553430518e-02
2.557052214494922454e-02
2.588456082102107148e-02
2.625784561591562941e-02
2.668232864644022595e-02
2.713112655810015136e-02
2.760766398204123409e-02
2.799276375438887812e-02
2.841245230130932248e-02
2.868830634010525668e-02
2.888864726213582340e-02
2.924412397507211020e-02
2.958521723719594737e-02
2.996466636815298470e-02
3.028007489668315885e-02
3.056431928178635765e-02
3.086277588614471171e-02
3.107613040652940084e-02
3.128828630601305366e-02
3.147253146165825827e-02
3.170506391645954575e-02
3.170506391645954575e-02
3.207509531176557654e-02
3.222560785062443534e-02
3.237783270505621008e-02
3.251601657179011701e-02
3.263998821926886174e-02
3.279169937902876031e-02
3.292183536256997750e-02
3.305419735635598683e-02
3.320470989521484562e-02
3.333381848941232434e-02
3.344083821271925244e-02
3.355248118807303837e-02
3.365385026998935630e-02
3.376823295025980359e-02
3.384631454038453807e-02
3.392011534157698960e-02
3.398466963867573243e-02
3.406823063863377576e-02
3.413620956687833663e-02
3.420898297872704968e-02
3.430367402990901898e-02
3.437867345200251029e-02
3.444939208516372559e-02
3.452387781258534766e-02
3.459750738222051175e-02
3.466017813218905119e-02
3.474065696411585830e-02
3.482250564850099955e-02
3.489579275502158184e-02
3.494271020171933750e-02
3.499322351112020557e-02
3.506805170165640945e-02
3.513380461965618512e-02
3.520469448437469479e-02
3.528483085318692009e-02
3.537935067281159501e-02
3.545880211539465671e-02
3.554373296781103420e-02
3.562078716859202326e-02
3.571136866239900398e-02
3.580092276686223929e-02
3.590417539590876755e-02
3.599492812127303570e-02
3.608396853106440177e-02
3.616324874209016910e-02
3.624835082606384096e-02
3.633944601454269785e-02
3.643773292842777956e-02
3.652677333821913869e-02
3.663190951439586340e-02
3.669937474796855503e-02
3.678721653685887438e-02
3.685998994870758744e-02
3.695022897939998635e-02
3.729389071488319052e-02
3.744149231726810051e-02
3.755193667172085359e-02
3.765690161634028393e-02
3.774953788883476241e-02
3.785433160189690532e-02
3.798635113256832591e-02
3.812111036815640785e-02
3.825569837218720237e-02
3.840004657498358176e-02
3.850107319378532483e-02
3.861357232692556180e-02
3.883137886779981784e-02
3.887487168335175547e-02
3.853223733721229671e-02
3.867161982484724342e-02
3.880672152354990717e-02
3.887795385138299170e-02
3.904302107261160143e-02
3.915928730001224517e-02
3.936647748433445143e-02
3.948651080599550195e-02
3.959986609692219689e-02
3.972109803948428719e-02
3.984866554966614433e-02
3.995140448404078948e-02
4.003342439998321817e-02
4.012246480977458424e-02
4.022760098595130895e-02
4.035037401252901390e-02
4.046989363951818824e-02
4.059917346527295440e-02
4.071749447136109590e-02
4.080550749180870962e-02
4.090191085856358794e-02
4.101543738104757725e-02
4.115208016376586259e-02
4.126800392805192452e-02
4.139197557553066925e-02
4.154642644020722225e-02
4.167330902415991578e-02
4.179163003024805728e-02
4.192912897075279366e-02
4.208203875141373201e-02
4.220224330463206996e-02
4.229590696647029385e-02
4.240070067953243677e-02
4.252124769586535652e-02
4.262809618761499025e-02
4.277107453795304937e-02
4.290275160550988814e-02
4.290275160550988814e-02
4.315805785743088985e-02
4.330651561760226476e-02
4.343682283270077632e-02
4.357534916254925811e-02
4.357534916254925811e-02
4.391781227713142943e-02
4.409298216024020584e-02
4.420890592452626777e-02
4.435856230559867552e-02
4.451815011699396252e-02
4.467653930748820973e-02
4.488989382787290233e-02
4.512191258800232058e-02
4.528475379898613817e-02
4.546865649151676098e-02
4.563372371274536377e-02
4.577687329464071031e-02
4.593372140111934288e-02
4.612002133545203830e-02
4.632789644600341511e-02
4.655923027990366281e-02
4.668782517942926535e-02
4.683080352976732447e-02
4.698816533091782627e-02
4.712412318740694800e-02
4.730785464838027643e-02
4.749946276098900022e-02
4.767018062360820624e-02
4.784791898007634964e-02
4.801041772794559237e-02
4.815493716229926613e-02
4.831041541631956454e-02
4.847377032197525831e-02
4.864979636287049269e-02
4.880852801647932171e-02
4.890989709839564659e-02
4.905595761676494193e-02
4.913455290156154565e-02
4.919910719866028154e-02
4.935390052645142328e-02
4.943523551616468836e-02
4.950681030711236164e-02
4.958163849764856551e-02
4.963557643819525161e-02
4.967615831727324044e-02
4.971417172299186227e-02
4.977461646271560958e-02
4.983129410817896399e-02
4.986605411430904827e-02
4.990766338273078251e-02
4.994002614705880111e-02
4.996553964909516976e-02
4.999208054047529076e-02
5.003026517775120002e-02
5.005988823716255726e-02
5.009790164288117909e-02
5.013129179655293616e-02
5.016108608752158776e-02
5.018694205267253822e-02
5.022855132109427245e-02
5.028677005057324151e-02
5.036810504028650659e-02
5.042392652796339608e-02
5.050046703407250898e-02
5.056758980453061880e-02
5.062529483933771168e-02
5.071810234338947759e-02
5.083608088636303035e-02
5.094875125106056862e-02
5.104309983912794918e-02
5.113214024891931525e-02
5.123642026730958199e-02
5.138162462789241935e-02
5.156227392083451155e-02
5.176809425269839754e-02
5.196346945956752117e-02
5.212785175456696035e-02
5.230422025857677654e-02
5.241397968680035907e-02
5.255849912115403283e-02
5.269890899813271801e-02
5.284462705338743155e-02
5.298246845700674973e-02
5.310352916801154566e-02
5.323178160442256640e-02
5.334205472731802511e-02
5.347424548954674006e-02
5.356996393007245477e-02
5.378982524963420858e-02
5.393502961021704595e-02
5.412081584987787214e-02
5.424735597071597692e-02
5.440026575137691528e-02
5.453468252385041543e-02
5.467338008525619159e-02
5.483211173886502754e-02
5.499169955026031453e-02
5.513981484731710070e-02
5.530179990051446726e-02
5.544238100905044681e-02
5.560248251511760303e-02
5.577439899863785577e-02
5.597337006821009181e-02
5.615915630787091800e-02
5.633689466433906140e-02
5.649391400237498140e-02
5.663946082607240057e-02
5.680367188951455232e-02
5.695538304927445089e-02