population: 67.422.000 (Wikipedia)
country: France mainlannd
time: 1/22/20 - 8/17/21
source: https://github.com/CSSEGISandData/COVID-19/blob/master/csse_covid_19_data/csse_covid_19_time_series/time_series_covid19_confirmed_global.csv
0.000000000000000000e+00
0.000000000000000000e+00
2.966390792322980469e-08
4.449586188484471199e-08
4.449586188484471199e-08
4.449586188484471199e-08
5.932781584645960937e-08
7.415976980807451999e-08
7.415976980807451999e-08
7.415976980807451999e-08
8.899172376968942398e-08
8.899172376968942398e-08
8.899172376968942398e-08
8.899172376968942398e-08
8.899172376968942398e-08
8.899172376968942398e-08
8.899172376968942398e-08
1.631514935777639440e-07
1.631514935777639440e-07
1.631514935777639440e-07
1.631514935777639440e-07
1.631514935777639440e-07
1.631514935777639440e-07
1.631514935777639440e-07
1.779834475393788480e-07
1.779834475393788480e-07
1.779834475393788480e-07
1.779834475393788480e-07
1.779834475393788480e-07
1.779834475393788480e-07
1.779834475393788480e-07
1.779834475393788480e-07
1.779834475393788480e-07
1.779834475393788480e-07
2.076473554626086560e-07
2.669751713090682719e-07
5.636142505413662989e-07
8.454213758120494484e-07
1.483195396161490294e-06
1.928154015009937573e-06
2.832903206668446637e-06
3.144374239862359330e-06
4.227106879060247560e-06
6.273916525763103729e-06
9.091987778469936283e-06
1.391237281599477937e-05
1.653762866720061782e-05
2.077956750022247947e-05
2.629705437394322344e-05
3.383168698644359117e-05
3.383168698644359117e-05
5.429978345347215795e-05
6.628400225445700144e-05
6.672896087330544427e-05
9.838035062739165337e-05
1.134941117142772413e-04
1.341253596748835663e-04
1.612381715167156152e-04
1.870606033638871608e-04
2.118299664797840558e-04
2.452166948473792109e-04
2.945032778618255037e-04
3.271039126694550683e-04
3.703093945596392820e-04
4.279908635163596543e-04
4.836551867343003757e-04
5.511850731215330685e-04
5.897333214677702093e-04
6.530361009759425191e-04
7.650173533861351306e-04
8.359585891845391914e-04
8.662454391741567557e-04
9.431342885111685011e-04
6.894337159977455059e-04
7.015365904304233027e-04
7.406187891192785640e-04
6.882026638189315268e-04
7.451870309394559863e-04
8.009700097890895933e-04
8.237370591201684548e-04
8.450060811011242227e-04
1.597579425113464409e-03
1.643914449289549367e-03
1.902524398564266932e-03
1.950045979057281071e-03
2.136320488861202533e-03
2.163922755183767931e-03
2.220091364836403701e-03
2.235946723621369796e-03
2.272210851057518497e-03
2.311129898252795804e-03
2.337560440212393693e-03
2.312019815490492635e-03
2.353133991872089111e-03
2.377488060277060770e-03
2.386565216101569145e-03
2.441220966450120041e-03
2.486577081664738571e-03
2.464966924742665547e-03
2.481771528581175161e-03
2.489484144641214945e-03
2.501216220224852359e-03
2.504924208715255968e-03
2.512607160867372843e-03
2.528358695974607887e-03
2.589599833882115423e-03
2.598825309246240080e-03
2.606612085076088006e-03
2.612381715167155956e-03
2.615437097683248613e-03
2.620079499273234285e-03
2.630150396013170976e-03
2.636973094835513495e-03
2.645323484915902777e-03
2.652502150633324549e-03
2.656996232683693938e-03
2.658627747619471317e-03
2.664560529204117439e-03
2.671872682507193605e-03
2.677152858117528341e-03
2.680905342469817182e-03
2.691169054611254521e-03
2.698955830441102446e-03
2.690664768176559418e-03
2.694728723562042280e-03
2.697635786538518654e-03
2.699682596185221540e-03
2.748361069087241516e-03
2.756399988134436776e-03
2.782593218830648786e-03
2.785693097208626241e-03
2.788199697428138998e-03
2.777505858621814698e-03
2.729302008246566481e-03
2.792649283616623589e-03
2.800391563584586716e-03
2.808133843552549410e-03
2.812449942155379606e-03
2.814837886743199423e-03
2.822016552460621195e-03
2.829091394500311482e-03
2.833496484826911275e-03
2.842974103408382833e-03
2.848372934650410943e-03
2.852436890035893371e-03
2.853208151641897262e-03
2.861306398504939209e-03
2.866364094805849520e-03
2.871110320073566678e-03
2.879193734982646736e-03
2.885334163922755393e-03
2.886283408976298478e-03
2.887677612648690412e-03
2.896028002729079693e-03
2.896028002729079693e-03
2.896028002729079693e-03
2.911023108184272300e-03
2.914790424490522596e-03
2.908709323366260192e-03
2.912847438521550762e-03
2.915279878971255810e-03
2.925424935481000209e-03
2.930660615229450146e-03
2.936637892675981066e-03
2.936637892675981066e-03
2.936637892675981066e-03
2.949334045267123453e-03
2.954080270534840177e-03
2.961926374180534356e-03
2.966791255079944019e-03
2.974830174127139713e-03
2.974830174127139713e-03
2.974830174127139713e-03
2.992420871525614673e-03
2.992420871525614673e-03
3.001735338613508927e-03
3.008202070540773061e-03
3.018539942452018541e-03
3.018539942452018541e-03
3.018539942452018541e-03
3.045118803951232713e-03
3.052015662543383374e-03
3.064889798582065387e-03
3.079855240129334652e-03
3.093248494556672789e-03
3.093248494556672789e-03
3.093248494556672789e-03
3.126887366141615360e-03
3.134540654385808891e-03
3.154400640740411162e-03
3.172955415146391529e-03
3.190872415532022398e-03
3.190872415532022398e-03
3.190872415532022398e-03
3.238571979472575513e-03
3.251950401945952196e-03
3.275992999317730268e-03
3.298596897155231175e-03
3.331286523686630661e-03
3.331286523686630661e-03
3.331286523686630661e-03
3.399528343864020776e-03
3.419358666310699704e-03
3.455340986621577726e-03
3.493518436118774485e-03
3.533564711815134502e-03
3.580003559668950945e-03
3.623965471211177541e-03
3.630283883598825392e-03
3.660837708759751962e-03
3.715982913589036072e-03
3.785322298359585988e-03
3.852110587048737916e-03
3.902717213965767838e-03
3.968867728634570269e-03
3.996499658865058577e-03
4.043828423956572285e-03
4.043828423956572285e-03
4.207795675002224539e-03
4.315045534098661990e-03
4.394188840437839375e-03
4.472635044940820141e-03
4.514090356263534415e-03
4.586737266767524322e-03
4.687594553706504914e-03
4.789757052594109145e-03
4.917949630684346346e-03
5.043057162350567980e-03
5.145516300317403910e-03
5.206267983744178665e-03
5.302023078520364148e-03
5.414033994838480211e-03
5.555842306665480408e-03
5.693304855981727065e-03
5.847794488445907761e-03
5.940687016107501668e-03
6.030805968378274463e-03
6.143336003085046217e-03
6.287621251223635827e-03
6.435154697279820042e-03
6.629304974637358593e-03
6.827563703242264803e-03
6.983833170181840029e-03
7.062412862270475190e-03
7.207276556613568044e-03
7.385037524843522487e-03
7.619649372608346995e-03
7.853534454629051975e-03
8.063955385482483862e-03
8.221411408738986751e-03
8.281777461362759343e-03
8.397793005250512449e-03
8.584275162409895146e-03
8.777298211266352720e-03
8.957313636498471718e-03
9.200706001008572901e-03
9.386164753344606107e-03
9.461570407285456105e-03
9.612826673786004084e-03
9.890673667348937395e-03
1.014748895019429789e-02
1.044878526297054327e-02
1.084445729880454366e-02
1.108083414909080168e-02
1.120697991753433556e-02
1.139657678502565934e-02
1.173146747352496293e-02
1.217236213698792702e-02
1.254397674349618831e-02
1.302008246566402697e-02
1.346262347601673119e-02
1.365898371451454950e-02
1.395812939396636095e-02
1.435313399187208849e-02
1.495777342707128171e-02
1.558049301414968398e-02
1.625149061137314346e-02
1.634869923763756713e-02
1.741685206609118811e-02
1.790854617187268363e-02
1.844880009492450706e-02
1.913983566195010672e-02
1.986947880513778922e-02
2.038935362344635252e-02
2.107427842543976859e-02
2.262145887099166475e-02
2.368869211829966598e-02
2.298712586396131977e-02
2.383713031354750544e-02
2.473382575420485924e-02
2.601824330337278515e-02
2.659019311204057975e-02
2.688913114413692823e-02
2.720944202189196429e-02
2.774139005072528280e-02
2.821992821334282434e-02
2.857100056361425167e-02
2.904445136602296085e-02
2.944776185814719158e-02
2.958571386194417188e-02
3.025626650054878339e-02
3.067688588294622057e-02
3.098074812375782236e-02
3.131983625522826581e-02
3.158148675506511349e-02
3.177623031058111891e-02
3.184226216961822536e-02
3.197356945804040451e-02
3.221451455014683746e-02
3.240553528521847304e-02
3.259000029663908227e-02
3.277474711518495176e-02
3.291955148171220313e-02
3.297726261457684105e-02
3.309519148052564308e-02
3.330254219690902129e-02
3.348897985820652179e-02
3.365489009522114328e-02
3.384487259351547095e-02
3.400726765744119251e-02
3.405785945240426271e-02
3.425825398237963837e-02
3.447391059298152149e-02
3.467108658894722806e-02
3.486878170330159205e-02
3.507371481118922579e-02
3.524410429830025782e-02
3.528953457328468796e-02
3.545458455696953726e-02
3.571509299635133861e-02
3.598325472397733565e-02
3.621573077037169158e-02
3.646938684702322880e-02
3.665655127406484276e-02
3.674253211118033019e-02
3.691508706356975283e-02
3.713465931001750514e-02
3.745415443030464947e-02
3.775263267182818461e-02
3.779757349233187763e-02
3.791968496929785243e-02
3.796349856130046274e-02
3.812949779003885903e-02
3.852042360060514703e-02
3.881376998605796241e-02
3.909769808074516073e-02
3.914751861410221967e-02
3.933275488712883322e-02
3.939240900596244210e-02
3.969320103230399716e-02
4.006429652042359929e-02
4.038337634599982462e-02
4.067439411468067034e-02
4.096763667645575424e-02
4.120199638100323358e-02
4.125512444009373642e-02
4.154089169707217422e-02
4.189245350182432825e-02
4.220730622052148995e-02
4.251450565097445594e-02
4.282774168668980475e-02
4.307162350568063958e-02
4.312703568568123508e-02
4.347319865919135884e-02
4.386620094331226960e-02
4.419796208952567196e-02
4.453902287087301015e-02
4.488623891311441239e-02
4.515377769867402052e-02
4.521666518347126906e-02
4.554089169707217083e-02
4.594010856990300012e-02
4.628509981905016418e-02
4.662301622615763058e-02
4.697686215181987729e-02
4.725985583340749224e-02
4.732433033727863336e-02
4.766040758209486722e-02
4.804449586188484778e-02
4.803770282697042426e-02
4.870939752603008210e-02
4.899399305864554632e-02
4.928640503099878528e-02
4.935043457625107322e-02
4.962116223191243014e-02
4.999325146094746319e-02
5.029444395004598056e-02
5.059173563525258543e-02
5.090037376523983553e-02
5.113342825783868950e-02
5.119833288837471325e-02
5.148568716442704363e-02
5.184917386016434093e-02
5.216660733885081919e-02
5.252413158909554486e-02
5.284190620272314481e-02
5.316255821541929910e-02
5.323146747352495989e-02
5.351770935303017118e-02
5.398091127525140448e-02
5.434502091305508376e-02
5.471558245083207178e-02
5.506324345169232720e-02
5.535917059713446609e-02
5.541796446263830972e-02
5.575697843433893852e-02
5.614378096170389437e-02
5.651871792589956145e-02
5.685936341253596676e-02
5.719471389160808023e-02
5.751842128682032457e-02
5.759743110557384582e-02
5.793899617335587782e-02
5.837842247337664270e-02
5.878134733469787127e-02
5.915270979798878392e-02
5.959247723295067051e-02
5.997699563940553369e-02
6.006956186407997472e-02
6.051455014683634198e-02
6.107279523004360833e-02
6.159123134881789446e-02
6.211073536827741576e-02
6.263437750289223283e-02
6.307909881047729650e-02
6.331332502743911017e-02
6.353102844768769575e-02
6.448361069087241160e-02
6.516055590163448430e-02
6.577799531310254966e-02
6.641011835899261750e-02
6.694676811723176968e-02
6.708164990655869631e-02
6.753702055708818430e-02
6.839595384295926728e-02
6.914421108836878160e-02
6.983845035745009366e-02
6.982124529085462217e-02
7.101713090682566787e-02
7.117970395419892515e-02
7.129902702382011348e-02
7.129902702382011348e-02
7.273538310937083251e-02
7.273538310937083251e-02
7.273538310937083251e-02
7.448407048144523035e-02
7.461067604046156543e-02
7.517626294087982608e-02
7.581919848120791117e-02
7.638124054462934465e-02
7.692012992791670556e-02
7.745080240870932942e-02
7.786215181988075107e-02
7.796146658360772475e-02
7.861411705378067161e-02
7.911577823262436193e-02
7.961116549494230699e-02
8.008661861113583469e-02
8.056843463557888940e-02
8.092932573937290652e-02
8.099423036990893721e-02
8.142779804811485500e-02
8.189058467562516930e-02
8.228278603423215543e-02
8.264074041114176372e-02
8.301882174957729565e-02
8.314099255435911107e-02
8.319676070125478495e-02
8.355594613034321438e-02
8.392296283112336830e-02
8.424149387440300896e-02
8.452294503277861526e-02
8.481156002491768708e-02
8.494694610067930751e-02
8.499577289312093553e-02
8.528518881077393199e-02
8.558227284862507389e-02
8.587091750467205908e-02
8.596686541484975519e-02
8.619902999021090972e-02
8.640590608406752138e-02
8.645559312983892852e-02
8.669291922517873006e-02
8.696179288659487694e-02
8.178372044733173141e-02
8.196960932633265418e-02
8.215327341223932489e-02
8.228640503099877990e-02
8.231946545637922052e-02
8.236149921390643891e-02
8.252821037643498503e-02
8.273486399098217703e-02
8.289550888434042697e-02
8.306417786479190768e-02
8.318274450476105530e-02
8.320070600100856750e-02
8.334272196019103240e-02
8.334272196019103240e-02
8.357103022752217225e-02
8.367144255584230139e-02
8.377013437750288616e-02
8.384066031859037371e-02
8.385509180979502930e-02
8.394111714277238678e-02
8.400398979561567170e-02
8.406741123075553435e-02
8.412482572454095531e-02
8.418029723235738448e-02
8.421893447242739805e-02
8.422907952893714245e-02
8.427287828898578914e-02
8.429794429118092625e-02
8.432539823796386669e-02
8.437241553202218247e-02
8.441133457921747019e-02
8.443825457565780346e-02
8.443783928094687752e-02
8.446760701254783787e-02
8.448383317018183514e-02
8.451360090178279549e-02
8.453943816558392998e-02
8.457100056361424589e-02
8.459440538696567924e-02
8.459820236717985331e-02
8.462909732728189638e-02
8.464806739639879618e-02
8.468757972175254556e-02
8.472421464803772673e-02
8.476879950164634137e-02
8.480660615229450305e-02
8.481311738008365242e-02
8.484757200913647934e-02
8.490396309809854214e-02
8.496984663759603318e-02
8.503476610008602055e-02
8.510441695588977229e-02
8.516754175195040411e-02
8.517669306754471759e-02
8.527769867402332227e-02
8.527769867402332227e-02
8.543760196968348819e-02
8.559938892349677753e-02
8.576178398742249909e-02
8.594765803446946517e-02
8.597272403666458840e-02
8.623953605648007614e-02
8.653737652398327262e-02
8.686232980332829479e-02
8.714814155616860958e-02
8.752819554448103279e-02
8.775426418676396390e-02
8.779285693097207965e-02
8.819140636587463611e-02
8.856275399721159902e-02
8.893435377176589496e-02
8.929327222568300693e-02
8.964139301711607222e-02
8.993209931476373042e-02
8.993209931476373042e-02
9.023860164338050327e-02
9.064553113227136194e-02
9.103776215478627531e-02
9.139401085699029592e-02
9.177600783127169704e-02
9.207932128978671416e-02
9.212825190590608060e-02
9.244285248138589539e-02
9.285090919877785065e-02
9.327200320370206132e-02
9.366116401174691408e-02
9.402346415116727418e-02
9.433748628044258400e-02
9.442044139894989474e-02
9.460914834920351735e-02