time: 25.2.2020 - 17.8.2021
source:https://www.rki.de/DE/Content/InfAZ/N/Neuartiges_Coronavirus/Daten/Fallzahlen_Kum_Tab.html
country: germany
16
21
26
53
66
117
150
188
240
349
534
684
847
1112
1296
1567
2369
3062
3795
4838
6012
7156
8198
10999
13957
16662
18610
22.672
27436
31554
36508
42288
48582
52547
57298
61913
67366
73522
79696
85778
91714
95391
99225
103228
108202
113525
117658
120479
123016
125098
127584
130450
133830
137439
139897
141672
143457
145694
148046
150383
152438
154175
155193
156337
157641
159119
160758
161703
162496
163175
163860
164807
166091
167300
168551
169218
169575
170508
171306
172239
173152
173772
174355
174697
175210
176007
176752
177212
177850
178281
178570
179002
179364
179717
180458
181196
181482
181815
182028
182370
182764
183271
183678
183979
184193
184543
184861
185416
185674
186022
186269
186461
186839
187184
187764
188534
189135
189822
190359
190862
191449
192079
192556
193243
193499
193761
194259
194725
195228
195674
196096
196335
196554
196944
197341
197783
198178
198556
198804
198963
199375
199726
200260
200843
201372
201574
201823
202345
202799
203368
204183
204964
205269
205609
206242
206926
207828
208698
209653
209893
210402
211281
212022
213067
214214
215336
215891
216327
217293
218519
219964
221413
222828
223453
224014
225404
226914
228621
230048
232082
232864
233575
234853
236429
237936
239507
240986
241771
242381
243599
244855
246166
247619
248997
249985
250799
252298
253474
255366
256850
258480
259428
260355
261762
263663
265857
267773
270070
271415
272337
274158
275927
278070
280223
282730
284140
285332
287421
289219
291722
294395
296958
299237
300619
303258
306086
310144
314660
319381
322864
325331
329453
334585
341223
348557
356387
361974
366299
373167
380762
392049
403291
418005
429181
437866
449275
464239
481013
499694
518753
532930
545027
560379
577593
597583
619089
642488
658505
671868
687200
705687
727553
751095
773556
790503
801327
815746
833307
855916
879564
902528
918269
929133
942687
961320
983588
1006394
1028089
1042700
1053869
1067473
1084743
1106789
1130238
1153556
1171323
1183655
1197709
1218524
1242203
1272078
1300516
1320716
1337078
1351510
1379238
1406161
1439938
1471238
1494009
1510652
1530180
1554920
1587115
1612648
1627103
1640858
1651834
1664726
1687185
1719737
1742661
1755351
1765666
1775513
1787410
1808647
1835038
1866887
1891581
1908527
1921024
1933826
1953426
1978590
2000958
2019636
2033518
2040659
2052028
2068002
2088400
2106262
2122679
2134936
2141665
2148077
2161275
2178828
2192850
2205171
2216363
2221971
2228085
2237790
2252001
2264909
2275394
2284010
2288545
2291924
2299996
2310233
2320093
2328447
2334561
2338987
2342843
2350399
2360606
2369719
2378883
2386559
2390928
2394811
2402818
2414687
2424684
2434446
2442336
2447068
2451011
2460030
2471942
2482522
2492079
2500182
2505193
2509445
2518591
2532947
2545781
2558455
2569245
2575849
2581329
2594764
2612268
2629750
2645783
2659516
2667225
2674710
2690523
2713180
2734753
2755225
2772401
2782273
2791822
2808873
2833173
2855061
2873190
2885386
2893883
2900768
2910445
2930852
2956316
2980413
2998268
3011513
3022323
3044016
3073442
3099273
3123077
3142262
3153699
3163308
3188192
3217710
3245253
3268645
3287418
3299325
3310301
3332532
3357268
3381597
3400532
3416822
3425982
3433516
3451550
3473503
3491988
3507673
3520329
3527251
3533376
3548285
3565704
3577040
3584934
3593434
3598846
3603055
3614095
3626393
3635162
3642244
3648958
3651640
3653551
3656177
3662490
3669870
3675296
3679148
3681126
3682911
3687828
3692468
3695633
3697927
3700367
3701484
3702688
3705942
3709129
3711569
3713480
3714969
3715518
3716170
3717625
3718955
3720031
3721139
3721981
3722327
3722782
3723798
3724806
3725580
3726172
3726710
3726929
3727333
3728141
3729033
3729682
3730353
3730912
3731124
3731564
3732549
3733519
3734468
3735420
3736165
3736489
3737135
3738683
3740325
3741781
3743389
3744681
3745227
3746410
3748613
3750503
3752592
3754511
3755898
3756856
3758401
3761169
3764311
3766765
3769165
3771262
3772109
3773875
3777446
3780985
3784433
3787639
3790766
3791949
3794429
3799425
3805063
3810641
3816285
3821013
3823139
3827051