population: 30.950.000 (Wikipedia)
country: Ghana
time: 1/22/20 - 8/17/21
source: https://github.com/CSSEGISandData/COVID-19/blob/master/csse_covid_19_data/csse_covid_19_time_series/time_series_covid19_confirmed_global.csv
0.000000000000000000e+00
0.000000000000000000e+00
0.000000000000000000e+00
0.000000000000000000e+00
0.000000000000000000e+00
0.000000000000000000e+00
0.000000000000000000e+00
0.000000000000000000e+00
0.000000000000000000e+00
0.000000000000000000e+00
0.000000000000000000e+00
0.000000000000000000e+00
0.000000000000000000e+00
0.000000000000000000e+00
0.000000000000000000e+00
0.000000000000000000e+00
0.000000000000000000e+00
0.000000000000000000e+00
0.000000000000000000e+00
0.000000000000000000e+00
0.000000000000000000e+00
0.000000000000000000e+00
0.000000000000000000e+00
0.000000000000000000e+00
0.000000000000000000e+00
0.000000000000000000e+00
0.000000000000000000e+00
0.000000000000000000e+00
0.000000000000000000e+00
0.000000000000000000e+00
0.000000000000000000e+00
0.000000000000000000e+00
0.000000000000000000e+00
0.000000000000000000e+00
0.000000000000000000e+00
0.000000000000000000e+00
0.000000000000000000e+00
0.000000000000000000e+00
0.000000000000000000e+00
0.000000000000000000e+00
0.000000000000000000e+00
0.000000000000000000e+00
0.000000000000000000e+00
0.000000000000000000e+00
0.000000000000000000e+00
0.000000000000000000e+00
0.000000000000000000e+00
0.000000000000000000e+00
0.000000000000000000e+00
0.000000000000000000e+00
0.000000000000000000e+00
0.000000000000000000e+00
9.693053311793214206e-08
1.938610662358642841e-07
1.938610662358642841e-07
2.261712439418416913e-07
2.261712439418416913e-07
3.554119547657512140e-07
5.169628432956380910e-07
6.138933764135702595e-07
7.431340872374797823e-07
8.723747980613893050e-07
1.712439418416801362e-06
3.004846526655896589e-06
4.264943457189014568e-06
4.426494345718901445e-06
4.555735056542811286e-06
4.911147011308562076e-06
4.911147011308562076e-06
5.201938610662358793e-06
6.300484652665589896e-06
6.591276252019385766e-06
6.623586429725363650e-06
6.623586429725363650e-06
6.914378029079159520e-06
6.914378029079159520e-06
9.273021001615508601e-06
1.011308562197092002e-05
1.221324717285945027e-05
1.221324717285945027e-05
1.318255250403877153e-05
1.828756058158319752e-05
1.828756058158319752e-05
2.054927302100161549e-05
2.054927302100161549e-05
2.071082390953150152e-05
2.071082390953150152e-05
2.694668820678513819e-05
3.366720516962843295e-05
3.366720516962843295e-05
3.366720516962843295e-05
3.728594507269790171e-05
3.728594507269790171e-05
4.132471728594506940e-05
4.132471728594506940e-05
5.008077544426494033e-05
5.008077544426494033e-05
5.399030694668821004e-05
5.399030694668821004e-05
6.701130856219708707e-05
6.701130856219708707e-05
7.008077544426494535e-05
7.008077544426494535e-05
8.785137318255251029e-05
8.785137318255251029e-05
9.987075928917609326e-05
9.987075928917609326e-05
1.296284329563812633e-04
1.377382875605815901e-04
1.377382875605815901e-04
1.518578352180936948e-04
1.656542810985460479e-04
1.747334410339256841e-04
1.786752827140549317e-04
1.821647819063004889e-04
1.852988691437803029e-04
1.852988691437803029e-04
1.852988691437803029e-04
1.969628432956381156e-04
2.025525040387722217e-04
2.025525040387722217e-04
2.095638126009693005e-04
2.137964458804523355e-04
2.159289176090468487e-04
2.199676898222940164e-04
2.299515347334410334e-04
2.359612277867528384e-04
2.359612277867528384e-04
2.460743134087237669e-04
2.509854604200322968e-04
2.607431340872374821e-04
2.607431340872374821e-04
2.680775444264943668e-04
2.761873990306946665e-04
2.870759289176090371e-04
2.962197092084006291e-04
3.057189014539579914e-04
3.114054927302099905e-04
3.201938610662358664e-04
3.295961227786752814e-04
3.295961227786752814e-04
3.346688206785137414e-04
3.507592891760904835e-04
3.592245557350565535e-04
3.865589660743133822e-04
3.865589660743133822e-04
3.939579967689822498e-04
4.067851373182552392e-04
4.177382875605815927e-04
4.265912762520193973e-04
4.431987075928917855e-04
4.573182552504038902e-04
4.573182552504038902e-04
4.706946688206784901e-04
4.850726978998384721e-04
4.999353796445880817e-04
5.115993537964458673e-04
5.308885298869143793e-04
5.409369951534732978e-04
5.606138933764135985e-04
5.732148626817447834e-04
5.859127625201938612e-04
5.859127625201938612e-04
6.264297253634895039e-04
6.264297253634895039e-04
6.489499192245557499e-04
6.810016155088852684e-04
7.097899838449111968e-04
7.373828756058157944e-04
7.580936995153473874e-04
7.700807754442649247e-04
7.834571890145395788e-04
7.921809369951535260e-04
8.073667205169628332e-04
8.073667205169628332e-04
8.216478190630048138e-04
8.441033925686591312e-04
8.585460420032310419e-04
8.743134087237480322e-04
8.939256865912762959e-04
9.185783521809369467e-04
9.366397415185783804e-04
9.587075928917609090e-04
9.587075928917609090e-04
1.003457189014539614e-03
1.029111470113085701e-03
1.065234248788368351e-03
1.086397415185783553e-03
1.111663974151857852e-03
1.135444264943457141e-03
1.135444264943457141e-03
1.147043618739902997e-03
1.195928917609046871e-03
1.195928917609046871e-03
1.221712439418416816e-03
1.221712439418416816e-03
1.262520193861066137e-03
1.280840064620355394e-03
1.295541195476575128e-03
1.309628432956381214e-03
1.324814216478190738e-03
1.331567043618739994e-03
1.337770597738287531e-03
1.343198707592891707e-03
1.348142164781906309e-03
1.352084006462035476e-03
1.363812600969305407e-03
1.374216478190630041e-03
1.378126009693053352e-03
1.389111470113085561e-03
1.392374798061389368e-03
1.397738287560581615e-03
1.399838449111470056e-03
1.399838449111470056e-03
1.405654281098546021e-03
1.409434571890145474e-03
1.412504038772213278e-03
1.414184168012924073e-03
1.416510500807754373e-03
1.420000000000000038e-03
1.425460420032310070e-03
1.428271405492730160e-03
1.431276252019386035e-03
1.436510500807754425e-03
1.442907915993537965e-03
1.444684975767366762e-03
1.446752827140549346e-03
1.446752827140549346e-03
1.446752827140549346e-03
1.449725363489499149e-03
1.454345718901453892e-03
1.464071082390953167e-03
1.464071082390953167e-03
1.466494345718901467e-03
1.467980613893376477e-03
1.467980613893376477e-03
1.473376413570274580e-03
1.475121163166397522e-03
1.475121163166397522e-03
1.477027463651050176e-03
1.478513731825524969e-03
1.482294022617124422e-03
1.486397415185783518e-03
1.488271405492730317e-03
1.488271405492730317e-03
1.491211631663974047e-03
1.493441033925686562e-03
1.493441033925686562e-03
1.493441033925686562e-03
1.498772213247172953e-03
1.500613893376413462e-03
1.501841680129240757e-03
1.506494345718901355e-03
1.507463651050080719e-03
1.508691437802908014e-03
1.512213247172859536e-03
1.513053311793214825e-03
1.513053311793214825e-03
1.513053311793214825e-03
1.513053311793214825e-03
1.516865912762520134e-03
1.518158319870759358e-03
1.518739903069466933e-03
1.518739903069466933e-03
1.519547657512116366e-03
1.522649434571890243e-03
1.522649434571890243e-03
1.524168012924071109e-03
1.524168012924071109e-03
1.526074313408723763e-03
1.528594507269790065e-03
1.530597738287560504e-03
1.533473344103392522e-03
1.533473344103392522e-03
1.535961227786752752e-03
1.537996768982229480e-03
1.540872374798061282e-03
1.540872374798061282e-03
1.543618739903069442e-03
1.543618739903069442e-03
1.543618739903069442e-03
1.552665589660743141e-03
1.552665589660743141e-03
1.552665589660743141e-03
1.554894991922455656e-03
1.557350565428109812e-03
1.557350565428109812e-03
1.571663974151857757e-03
1.576348949919224645e-03
1.576348949919224645e-03
1.580096930533118026e-03
1.586494345718901348e-03
1.589725363489499299e-03
1.592956381260097034e-03
1.592956381260097034e-03
1.614119547657512019e-03
1.616090468497576819e-03
1.616090468497576819e-03
1.619483037156704266e-03
1.627657512116316603e-03
1.627657512116316603e-03
1.630274636510500906e-03
1.635896607431340868e-03
1.635896607431340868e-03
1.638675282714054885e-03
1.643747980613893345e-03
1.645912762520193931e-03
1.653764135702746408e-03
1.655088852988691487e-03
1.655088852988691487e-03
1.655088852988691487e-03
1.660064620355411946e-03
1.666203554119547554e-03
1.669369951534733360e-03
1.669369951534733360e-03
1.669369951534733360e-03
1.669369951534733360e-03
1.683231017770597804e-03
1.683231017770597804e-03
1.688982229402261623e-03
1.688982229402261623e-03
1.696284329563812598e-03
1.700226171243941764e-03
1.703974151857835144e-03
1.703974151857835144e-03
1.710274636510500899e-03
1.710274636510500899e-03
1.712891760904684986e-03
1.721163166397415107e-03
1.724911147011308488e-03
1.730306946688206808e-03
1.733537964458804542e-03
1.733537964458804542e-03
1.733537964458804542e-03
1.743263327948303817e-03
1.743263327948303817e-03
1.746138933764135618e-03
1.746138933764135618e-03
1.746138933764135618e-03
1.753990306946688312e-03
1.757705977382875619e-03
1.761001615508885282e-03
1.766752827140549318e-03
1.769660743134087192e-03
1.769660743134087192e-03
1.774798061389337581e-03
1.779127625201938536e-03
1.782487883683360344e-03
1.782487883683360344e-03
1.782487883683360344e-03
1.782487883683360344e-03
1.791954765751211688e-03
1.791954765751211688e-03
1.802003231017770607e-03
1.802003231017770607e-03
1.816801292407108342e-03
1.822972536348950023e-03
1.841066235864297204e-03
1.841066235864297204e-03
1.841066235864297204e-03
1.841066235864297204e-03
1.864749596122778708e-03
1.876090468497576633e-03
1.887915993537964566e-03
1.887915993537964566e-03
1.921809369951534702e-03
1.921809369951534702e-03
1.942326332794830400e-03
1.964264943457188963e-03
2.007592891760904587e-03
2.007592891760904587e-03
2.027495961227786855e-03
2.064071082390953223e-03
2.064071082390953223e-03
2.113957996768982099e-03
2.165105008077544343e-03
2.165105008077544343e-03
2.190048465266558782e-03
2.215153473344103584e-03
2.237641357027463865e-03
2.263198707592891951e-03
2.263198707592891951e-03
2.286526655896607522e-03
2.336930533117932262e-03
2.358739903069466751e-03
2.358739903069466751e-03
2.376639741518578146e-03
2.402164781906300593e-03
2.450274636510500672e-03
2.450274636510500672e-03
2.471470113085621947e-03
2.489369951534733342e-03
2.528949919224555802e-03
2.542455573505654313e-03
2.557835218093699407e-03
2.573667205169628217e-03
2.592988691437802910e-03
2.609337641357027584e-03
2.609337641357027584e-03
2.625040387722132537e-03
2.638869143780290909e-03
2.668368336025848161e-03
2.668368336025848161e-03
2.714798061389337661e-03
2.714798061389337661e-03
2.714798061389337661e-03
2.725331179321486153e-03
2.754087237479806334e-03
2.754087237479806334e-03
2.781647819063004859e-03
2.793699515347334433e-03
2.793699515347334433e-03
2.802487883683360201e-03
2.802487883683360201e-03
2.802487883683360201e-03
2.802487883683360201e-03
2.826494345718901565e-03
2.835605815831987193e-03
2.842810985460420166e-03
2.850662358642972426e-03
2.856898222940226252e-03
2.856898222940226252e-03
2.875864297253635012e-03
2.884523424878836922e-03
2.897641357027463862e-03
2.897641357027463862e-03
2.904458804523424829e-03
2.904458804523424829e-03
2.907883683360258566e-03
2.917189014539579763e-03
2.917189014539579763e-03
2.917189014539579763e-03
2.917189014539579763e-03
2.917189014539579763e-03
2.926752827140549108e-03
2.926752827140549108e-03
2.929693053311793055e-03
2.929693053311793055e-03
2.933182552504038938e-03
2.936995153473344247e-03
2.938481421647819256e-03
2.940516962843295768e-03
2.943747980613893502e-03
2.943747980613893502e-03
2.948626817447496176e-03
2.948626817447496176e-03
2.948626817447496176e-03
2.953473344103392777e-03
2.955638126009693147e-03
2.957835218093699588e-03
2.957835218093699588e-03
2.961647819063004897e-03
2.963134087237479907e-03
2.963134087237479907e-03
2.963134087237479907e-03
2.965525040387721918e-03
2.970210016155089023e-03
2.970210016155089023e-03
2.970210016155089023e-03
2.977899838449111353e-03
2.980710823909531442e-03
2.987528271405492843e-03
2.989111470113085638e-03
2.990694668820678432e-03
2.990694668820678432e-03
2.991954765751211800e-03
2.991954765751211800e-03
2.994604200323101959e-03
2.996445880452342468e-03
2.999289176090468630e-03
2.999289176090468630e-03
3.000193861066236065e-03
3.000193861066236065e-03
3.003263327948303869e-03
3.005201938610662163e-03
3.005201938610662163e-03
3.008885298869143615e-03
3.009983844911147052e-03
3.012697899838448923e-03
3.012697899838448923e-03
3.012697899838448923e-03
3.015605815831987231e-03
3.017447495961227740e-03
3.019579967689822470e-03
3.019579967689822470e-03
3.021680129240710694e-03
3.023683360258481567e-03
3.024878836833602789e-03
3.025654281098545933e-03
3.027819063004846736e-03
3.027819063004846736e-03
3.028206785137318308e-03
3.029886914378028887e-03
3.029886914378028887e-03
3.033861066235864126e-03
3.033861066235864126e-03
3.037512116316639938e-03
3.037512116316639938e-03
3.037512116316639938e-03
3.043231017770597902e-03
3.043231017770597902e-03
3.044523424878836908e-03
3.044523424878836908e-03
3.044523424878836908e-03
3.049079159935379722e-03
3.049079159935379722e-03
3.051502423263327806e-03
3.053085621970921034e-03
3.053085621970921034e-03
3.053085621970921034e-03
3.059741518578352071e-03
3.063780290791599456e-03
3.063780290791599456e-03
3.066655896607431257e-03
3.066655896607431257e-03
3.066655896607431257e-03
3.071373182552504001e-03
3.077092084006461965e-03
3.077092084006461965e-03
3.077835218093699469e-03
3.077835218093699469e-03
3.077835218093699469e-03
3.081389337641357064e-03
3.084846526655896440e-03
3.090210016155088904e-03
3.098998384491114672e-03
3.098998384491114672e-03
3.098998384491114672e-03
3.103941841680129057e-03
3.112019386106623393e-03
3.114765751211631770e-03
3.114765751211631770e-03
3.124652665589660542e-03
3.133150242326332956e-03
3.133150242326332956e-03
3.138287560581583344e-03
3.152988691437803078e-03
3.152988691437803078e-03
3.157609046849757604e-03
3.157609046849757604e-03
3.170080775444264823e-03
3.170080775444264823e-03
3.180452342487883818e-03
3.192794830371567180e-03
3.192794830371567180e-03
3.203877221324717174e-03
3.203877221324717174e-03
3.203877221324717174e-03
3.239095315024232823e-03
3.255153473344103276e-03
3.268820678513731717e-03
3.298966074313408690e-03
3.298966074313408690e-03
3.328562197092084160e-03
3.328562197092084160e-03
3.328562197092084160e-03
3.328562197092084160e-03
3.328562197092084160e-03
3.392374798061389193e-03
3.409111470113085438e-03
3.426591276252019189e-03
3.438901453957996911e-03
3.438901453957996911e-03
3.449111470113085543e-03
3.496801292407108411e-03
3.496801292407108411e-03
3.511373182552503854e-03
3.522520193861066427e-03
3.535638126009692933e-03
3.545589660743134284e-03
3.564006462035541108e-03
3.577059773828755902e-03
3.593925686591276439e-03
3.593925686591276439e-03