population: 1.380.004.000 (Wikipedia)
country: India
time: 1/22/20 - 8/17/21
source: https://github.com/CSSEGISandData/COVID-19/blob/master/csse_covid_19_data/csse_covid_19_time_series/time_series_covid19_confirmed_global.csv
0.000000000000000000e+00
0.000000000000000000e+00
0.000000000000000000e+00
0.000000000000000000e+00
0.000000000000000000e+00
0.000000000000000000e+00
0.000000000000000000e+00
0.000000000000000000e+00
7.246355807664325192e-10
7.246355807664325192e-10
7.246355807664325192e-10
1.449271161532865038e-09
2.173906742299297765e-09
2.173906742299297765e-09
2.173906742299297765e-09
2.173906742299297765e-09
2.173906742299297765e-09
2.173906742299297765e-09
2.173906742299297765e-09
2.173906742299297765e-09
2.173906742299297765e-09
2.173906742299297765e-09
2.173906742299297765e-09
2.173906742299297765e-09
2.173906742299297765e-09
2.173906742299297765e-09
2.173906742299297765e-09
2.173906742299297765e-09
2.173906742299297765e-09
2.173906742299297765e-09
2.173906742299297765e-09
2.173906742299297765e-09
2.173906742299297765e-09
2.173906742299297765e-09
2.173906742299297765e-09
2.173906742299297765e-09
2.173906742299297765e-09
2.173906742299297765e-09
2.173906742299297765e-09
2.173906742299297765e-09
3.623177903832162803e-09
3.623177903832162803e-09
2.028979626146011137e-08
2.173906742299297599e-08
2.246370300375940996e-08
2.463760974605870855e-08
2.826078764989086846e-08
3.115932997295660102e-08
4.057959252292022273e-08
4.492740600751881992e-08
5.289839739594957370e-08
5.942011762284747278e-08
7.391282923817611903e-08
8.188382062660687943e-08
8.623163411120547000e-08
1.028982524688334248e-07
1.130431505995634738e-07
1.405793026686879249e-07
1.768110817070095438e-07
2.391297416529227591e-07
2.869556899835072685e-07
3.615931548024498480e-07
3.884046712908078651e-07
4.760855765635461765e-07
5.268100672171964748e-07
6.427517601398256977e-07
7.152153182164689356e-07
7.420268347048268997e-07
9.065191115388071852e-07
1.012315906330706359e-06
1.447821890371332180e-06
1.842748281889038017e-06
1.860139535827432327e-06
2.233326859922145277e-06
2.599992463789959832e-06
3.462308804902014744e-06
3.848539569450523638e-06
4.286944095814214613e-06
4.873174280654259334e-06
5.505781142663354983e-06
6.120272115153289505e-06
6.670270520955011972e-06
7.574615725751519445e-06
8.323888916264010076e-06
8.928959626203981895e-06
9.731855849693189089e-06
1.039996985515983933e-05
1.139272060080985283e-05
1.276445575520070959e-05
1.343401903182889346e-05
1.455068246178996589e-05
1.548546236097866446e-05
1.672241529734696427e-05
1.777531079620059230e-05
1.904559696928414709e-05
2.021008634757580577e-05
2.134124248915220609e-05
2.269848493192773496e-05
2.395790157129979171e-05
2.526297025226013681e-05
2.699774783261497870e-05
2.876730792084660751e-05
3.080063536047721907e-05
3.364990246405083208e-05
3.579699768986177052e-05
3.839626551807095929e-05
4.083393961176924342e-05
4.325712099385219458e-05
4.551291155677809300e-05
4.866725023985437790e-05
5.128101077967889965e-05
5.383462656629980686e-05
5.656143025672389458e-05
5.941794371610517069e-05
6.216213866046764848e-05
6.568676612531557991e-05
6.934617580818606660e-05
7.270123854713464906e-05
7.715557346210590202e-05
8.117947484210190747e-05
8.567076617169225034e-05
9.043017266616618197e-05
9.523378193106686661e-05
1.003881148170585047e-04
1.050359274320944057e-04
1.092699731305126680e-04
1.145547404210422554e-04
1.198445801606372096e-04
1.257177515427491379e-04
1.317583137440181461e-04
1.381220634143089500e-04
1.437459601566372217e-04
1.501379706145779171e-04
1.571183851641009806e-04
1.642843064223002139e-04
1.711473300077391189e-04
1.787110761997791428e-04
1.865835171492256635e-04
1.927008907220558679e-04
2.001052170863272766e-04
2.076841806255634148e-04
2.156044475233405064e-04
2.239073220077623016e-04
2.325514998507250775e-04
2.408862583007005686e-04
2.486159460407361371e-04
2.565680969040669518e-04
2.659021278199193519e-04
2.757470268202121357e-04
2.862658369106176417e-04
2.974273987611629889e-04
3.081744690595099637e-04
3.189954521870950912e-04
3.305664331407734847e-04
3.428287164385030784e-04
3.553620134434393044e-04
3.688054527378181453e-04
3.832300486085547645e-04
3.973307323746887729e-04
4.107524326016446245e-04
4.242603644627117266e-04
4.381443821901965488e-04
4.532914397349573033e-04
4.697921165445897518e-04
4.877993107266355801e-04
5.053702742890599925e-04
5.214941405966939600e-04
5.379817739658726040e-04
5.560099825797606065e-04
5.752171732835557362e-04
5.948649424204567387e-04
6.155938678438613353e-04
6.364140973504424544e-04
6.570647621311242245e-04
6.783900626374996402e-04
7.020682548746236045e-04
7.274123843119294826e-04
7.529572378051078074e-04
7.809984608740264209e-04
8.102918542265094993e-04
8.371990226115287028e-04
8.645467694296537792e-04
8.976771081822950901e-04
9.334088886698879402e-04
9.688551627386587234e-04
1.004080422955295863e-03
1.040298433917582902e-03
1.072513557931716217e-03
1.109901855356941035e-03
1.146346677256007912e-03
1.184595117115602465e-03
1.228973249352900482e-03
1.268636177866151130e-03
1.307021573850510520e-03
1.344738855829403492e-03
1.382788745539867935e-03
1.423572685296564406e-03
1.468889945246535473e-03
1.513481844980159524e-03
1.560147651745936960e-03
1.605121434430624872e-03
1.643962626195286493e-03
1.688138585105550434e-03
1.736688444381320707e-03
1.783465845026536078e-03
1.830372955440708787e-03
1.876771371677183557e-03
1.918590815678795089e-03
1.958458816061402642e-03
2.005249984782652740e-03
2.055736794965811777e-03
2.105664186480618854e-03
2.156298822322254196e-03
2.206471865298941220e-03
2.250970287042646303e-03
2.295154941579879374e-03
2.336621488053657915e-03
2.398713337062791107e-03
2.454703029846290289e-03
2.510117361978661098e-03
2.567190384955406104e-03
2.624082973672539967e-03
2.674750218115309712e-03
2.731530488317425367e-03
2.792315094738855724e-03
2.852706948675510969e-03
2.915338651192315306e-03
2.981013823148338793e-03
3.046812183153092390e-03
3.101746081895414772e-03
3.166750241303648364e-03
3.236123228628322909e-03
3.306087518586902675e-03
3.376790212202283262e-03
3.445175521230373072e-03
3.511893443787119339e-03
3.572624427175573499e-03
3.637930759620986495e-03
3.708868235164535562e-03
3.778740496404358207e-03
3.846375807606354589e-03
3.913480685563229880e-03
3.976495720302259708e-03
4.030903533612946107e-03
4.091299735363086026e-03
4.153986510184028841e-03
4.216342851180141654e-03
4.278199193625526094e-03
4.342401906081431312e-03
4.401945211753009214e-03
4.453096512763730919e-03
4.511409387219167400e-03
4.574322972976889619e-03
4.633369178640061974e-03
4.690960316057054755e-03
4.745908707510992572e-03
4.799852029414407827e-03
4.844248277541224161e-03
4.896457546499865220e-03
4.953358830843968864e-03
5.004442740745678776e-03
5.057538239019596961e-03
5.111438807423746185e-03
5.159795188999452380e-03
5.199897971310227761e-03
5.245918852409123777e-03
5.294982478311656936e-03
5.340903359700406756e-03
5.385984388451048148e-03
5.430818316468647745e-03
5.471196460300115083e-03
5.505102159124176074e-03
5.544264364451117859e-03
5.584727290645533949e-03
5.624122828629482367e-03
5.662796629574987084e-03
5.699121886603227168e-03
5.731837733803669781e-03
5.758265193434222023e-03
5.790071622980803162e-03
5.826217170385013244e-03
5.861469242118139134e-03
5.896445952330573066e-03
5.930477013110106721e-03
5.963253005063753193e-03
5.991013794162915879e-03
6.024530363680105291e-03
6.060914316190387820e-03
6.095434505986939248e-03
6.131924255292013626e-03
6.165021260807940044e-03
6.198284207871861302e-03
6.225873258338381760e-03
6.257960846490299642e-03
6.292674513986916233e-03
6.325195434216133138e-03
6.357575050507100096e-03
6.387357572876600081e-03
6.409493740597853491e-03
6.430626288039744884e-03
6.458609540262201867e-03
6.491635531491212960e-03
6.524883261207938510e-03
6.558384613377932215e-03
6.591144663348802273e-03
6.623071382401790261e-03
6.650589418581395393e-03
6.682745847113486480e-03
6.714984159466204361e-03
6.746202909556783811e-03
6.776146301025214556e-03
6.806443314657058784e-03
6.834538885394534843e-03
6.857088095396824887e-03
6.883612656195199631e-03
6.909374175727026925e-03
6.935892214805174441e-03
6.962451558111425708e-03
6.988546410010405829e-03
7.012445616099663437e-03
7.031697009573885035e-03
7.054943319004872149e-03
7.077784557146211269e-03
7.099069278060063208e-03
7.120830809186060040e-03
7.142753934046568338e-03
7.162370543853496460e-03
7.178359627943107710e-03
7.197476963834887297e-03
7.214875464129089262e-03
7.231462372572832961e-03
7.249688406700270475e-03
7.268981104402595823e-03
7.286616560531708822e-03
7.300787533949176962e-03
7.318142556108533058e-03
7.336049750580432745e-03
7.352764919521972801e-03
7.368904727812383183e-03
7.382478601511299580e-03
7.396986530473824949e-03
7.408893742336978942e-03
7.423784278886147794e-03
7.439597276529633443e-03
7.454115350390288705e-03
7.482458746496387265e-03
7.481112373587323235e-03
7.493071759212292446e-03
7.504937666847342689e-03
7.518044875232245822e-03
7.532788310758519942e-03
7.545932475558041717e-03
7.545932475558041717e-03
7.572647615514157930e-03
7.584467146472039477e-03
7.593585960620404321e-03
7.605156941574082660e-03
7.617436616125750244e-03
7.628733684829898908e-03
7.639717710963156265e-03
7.650691592198283729e-03
7.660682867585891405e-03
7.667965455172593738e-03
7.677977020356462935e-03
7.689023365149666271e-03
7.699563189671914006e-03
7.709893594511320163e-03
7.720653708250120942e-03
7.730221071822980516e-03
7.736816704879116539e-03
7.746011605763461656e-03
7.754465204448683126e-03
7.768128208324034251e-03
7.777607890991620511e-03
7.787060037507137315e-03
7.795346970008782371e-03
7.801604198248700620e-03
7.809603450424781705e-03
7.818950524781088235e-03
7.827941803067237428e-03
7.836429459624753846e-03
7.845167840093217326e-03
7.853741003649264071e-03
7.860342433790046615e-03
7.868361975762388355e-03
7.877726441372634447e-03
7.884472073993988028e-03
7.893271323851236074e-03
7.902107530123101894e-03
7.910548810003449616e-03
7.917158211135619933e-03
7.925571230228318359e-03
7.934905261144171301e-03
7.944465378361222074e-03
7.954605204042886762e-03
7.964941405966938573e-03
7.975230506578240980e-03
7.982900049565073639e-03
7.992857991715965338e-03
8.004986942066834657e-03
8.016999226089199793e-03
8.028947017544876830e-03
8.041086112793876042e-03
8.052325210651562967e-03
8.061228083396859007e-03
8.072089646116968262e-03
8.084703377671368513e-03
8.096904791580313704e-03
8.110154028539047488e-03
8.123743844220741167e-03
8.137221341387416637e-03
8.148372033704250408e-03
8.161358227947165117e-03
8.177919049510000774e-03
8.194792189008147029e-03
8.212822571528778995e-03
8.231170344433784772e-03
8.250221738487713979e-03
8.267969513131846054e-03
8.288913655322738966e-03
8.314907058240410612e-03
8.343693931321938956e-03
8.373369932261065518e-03
8.405142303935351708e-03
8.439164669087916015e-03
8.468668206758820510e-03
8.502915933577003677e-03
8.541666545894069373e-03
8.584505552157820421e-03
8.629619914145176054e-03
8.675064709957361689e-03
8.724354422161094413e-03
8.765086912791557675e-03
8.803840423650946198e-03
8.856253315207781446e-03
8.915286477430499346e-03
8.979872522108632224e-03
9.047444065379521214e-03
9.122485876852531178e-03
9.192762484746420243e-03
9.276628908322004721e-03
9.368504728971799311e-03
9.464133437294384305e-03
9.569483856568531538e-03
9.680265419520522885e-03
9.802665064738941975e-03
9.919864725029783198e-03
1.005346723632685041e-02
1.019892985817432395e-02
1.035643157556065050e-02
1.052649774928188578e-02
1.071591314228074673e-02
1.091431981356575862e-02
1.110212144312625222e-02
1.131600343187411095e-02
1.154400566954878402e-02
1.178525207173312592e-02
1.203654554624479338e-02
1.228994408711858721e-02
1.254573392540891258e-02
1.277980788461482650e-02
1.304134843087411365e-02
1.331620850374346660e-02
1.359632001066663626e-02
1.388761844168567676e-02
1.417202921150953129e-02
1.443873858336642418e-02
1.469766247054356441e-02
1.497457905919113291e-02
1.527344123640221249e-02
1.557357659832870125e-02
1.586421198779134137e-02
1.615653360425042123e-02
1.642210819678783379e-02
1.666119590957707355e-02
1.691367416326329531e-02
1.717651905356796030e-02
1.742517340529447720e-02
1.766147561891124804e-02
1.788696047257834140e-02
1.809086278010788376e-02
1.828182816861400467e-02
1.847554789696261718e-02
1.867562702716803885e-02
1.886370691679154638e-02
1.905015492708716715e-02
1.922467760963011627e-02
1.938577496876820599e-02
1.952811296199141386e-02
1.967950455216071690e-02
1.983261860110550542e-02
1.996766458647945830e-02
2.009359900406085947e-02
2.021356459836348360e-02
2.032424108915626207e-02
2.041663937205978954e-02
2.051286228155860258e-02
2.061007504326074422e-02
2.070599070727331334e-02
2.079333030918751116e-02
2.087627209776203585e-02
2.094919652406804569e-02
2.101187605253318144e-02
2.107897440876983081e-02
2.114670102405500143e-02
2.121357836643951791e-02
2.127468833423671116e-02
2.133326352677238774e-02
2.138429308900553771e-02
2.142811252721006643e-02
2.147320225158767804e-02
2.152190355969982663e-02
2.156717879078611302e-02
2.161120257622441837e-02
2.165339520755012181e-02
2.169212625470650843e-02
2.172302471587038777e-02
2.175987098588120019e-02
2.179905130709765965e-02
2.183649105364911941e-02
2.187177935716128410e-02
2.190804012162283695e-02
2.194148060440404349e-02
2.196870226463111531e-02
2.200199999420291569e-02
2.203735206564618604e-02
2.207113240251477523e-02
2.210309680261796431e-02
2.213430758171715598e-02
2.216314517928933553e-02
2.218829220784867412e-02
2.221998269570233178e-02
2.225323767177486353e-02
2.228468178353106358e-02
2.231567154877811890e-02
2.234574827319341095e-02
2.237267138356120733e-02
2.239651624198190846e-02
2.242467920382839458e-02
2.245492042052052092e-02
2.248314425175579334e-02
2.251073765003579544e-02
2.254056147663340004e-02
2.256821646893777261e-02
2.259002292746977586e-02
2.262046849139567883e-02
2.265045608563453355e-02
2.267606615632998188e-02
2.267606615632998188e-02
2.273319570088202721e-02
2.276171808197657506e-02
2.278323178773394853e-02
2.281486502937672689e-02
2.284639319886029238e-02
2.287844383059759248e-02
2.290862417790093253e-02
2.293893640887997507e-02
2.296801893327845429e-02
2.299015582563528753e-02
2.302104341726545628e-02
2.305218970379796159e-02
2.308453961003011437e-02
2.311253083324396260e-02
2.314084234538450746e-02
2.316656618386613367e-02
2.318700380578607098e-02
2.321479575421520405e-02
2.324464711696487898e-02
2.327371949646522831e-02
2.330173898046672409e-02
2.332788600612751770e-02
2.335175332825122074e-02
2.336998950727679075e-02
2.339548073773699277e-02