population: 9.136.000 (Wikipedia)
country: Israel
time: 1/22/20 - 8/17/21
source: https://github.com/CSSEGISandData/COVID-19/blob/master/csse_covid_19_data/csse_covid_19_time_series/time_series_covid19_confirmed_global.csv
0.000000000000000000e+00
0.000000000000000000e+00
0.000000000000000000e+00
0.000000000000000000e+00
0.000000000000000000e+00
0.000000000000000000e+00
0.000000000000000000e+00
0.000000000000000000e+00
0.000000000000000000e+00
0.000000000000000000e+00
0.000000000000000000e+00
0.000000000000000000e+00
0.000000000000000000e+00
0.000000000000000000e+00
0.000000000000000000e+00
0.000000000000000000e+00
0.000000000000000000e+00
0.000000000000000000e+00
0.000000000000000000e+00
0.000000000000000000e+00
0.000000000000000000e+00
0.000000000000000000e+00
0.000000000000000000e+00
0.000000000000000000e+00
0.000000000000000000e+00
0.000000000000000000e+00
0.000000000000000000e+00
0.000000000000000000e+00
0.000000000000000000e+00
0.000000000000000000e+00
1.094570928196147173e-07
1.094570928196147173e-07
1.094570928196147173e-07
1.094570928196147173e-07
1.094570928196147173e-07
2.189141856392294346e-07
3.283712784588441519e-07
6.567425569176883038e-07
6.567425569176883038e-07
7.661996497373029681e-07
1.313485113835376608e-06
1.641856392294220601e-06
1.641856392294220601e-06
2.298598949211908799e-06
4.049912434325744275e-06
5.144483362521891766e-06
6.129597197898423745e-06
6.567425569176882403e-06
9.632224168126093852e-06
6.567425569176882403e-06
8.866024518388792048e-06
1.225919439579684749e-05
1.510507880910683046e-05
1.937390542907180491e-05
2.747373029772329177e-05
3.228984238178633700e-05
4.060858143607705488e-05
4.225043782837127908e-05
6.873905429071803293e-05
9.227232924693520356e-05
1.182136602451838849e-04
1.367119089316987861e-04
1.478765323992994700e-04
2.701401050788090831e-04
3.270577933450087831e-04
3.744527145359019082e-04
4.269921190893169742e-04
4.852232924693520265e-04
5.449868651488616383e-04
6.257661996497373199e-04
7.019483362521891602e-04
7.806479859894920742e-04
8.459938704028020957e-04
8.928415061295972297e-04
9.566549912434325290e-04
1.006020140105078845e-03
1.047285464098073569e-03
1.084281961471103345e-03
1.121825744308231274e-03
1.161011383537653230e-03
1.198774080560420421e-03
1.259194395796847709e-03
1.307136602451838825e-03
1.350809982486865209e-03
1.384851138353765387e-03
1.417250437828371321e-03
1.449868651488616517e-03
1.481720665499124297e-03
1.511930823117338049e-03
1.544658493870402875e-03
1.575525394045534195e-03
1.600153239929947430e-03
1.630363397548161182e-03
1.657508756567425490e-03
1.674912434325744395e-03
1.683997373029772230e-03
1.698007880910683016e-03
1.715411558669001704e-03
1.724387040280210125e-03
1.739929947460595525e-03
1.752626970227670741e-03
1.758866024518388827e-03
1.761821366024518424e-03
1.767622591943957986e-03
1.771125218914185737e-03
1.778239929947460652e-03
1.784916812609457044e-03
1.788528896672504425e-03
1.790608581436076976e-03
1.793782837127845834e-03
1.798051663747810783e-03
1.800569176882662074e-03
1.804838003502627023e-03
1.807246059544658466e-03
1.808559544658493818e-03
1.809106830122591972e-03
1.810748686514886217e-03
1.813704028021015813e-03
1.816112084063047256e-03
1.817753940455341501e-03
1.819614711033275007e-03
1.821694395796847558e-03
1.822241681260945712e-03
1.823664623467600695e-03
1.826072679509632138e-03
1.831545534150613025e-03
1.835923817863397605e-03
1.844352014010507872e-03
1.856720665499124413e-03
1.859894921190893271e-03
1.869417688266199629e-03
1.880363397548161187e-03
1.893607705779334557e-03
1.904225043782837223e-03
1.919767950963222405e-03
1.933669001751313560e-03
1.942206654991243458e-03
1.957530647985989379e-03
1.977123467600700683e-03
1.996059544658493768e-03
2.022329246935201247e-03
2.043235551663747686e-03
2.063375656742556710e-03
2.079684763572679524e-03
2.094570928196147139e-03
2.116243432574430993e-03
2.149080560420315450e-03
2.178743432574430615e-03
2.211799474605954333e-03
2.245731173380035098e-03
2.263134851138353786e-03
2.282070928196147305e-03
2.319833625218914279e-03
2.369198774080560378e-03
2.422504378283712751e-03
2.478984238178633982e-03
2.529772329246935281e-03
2.573336252189141818e-03
2.615477232924693588e-03
2.698336252189141929e-03
2.784369527145359128e-03
2.890761821366024612e-03
3.016199649737302813e-03
3.118979859894921349e-03
3.208844133099824757e-03
3.299802977232924907e-03
3.423927320490367972e-03
3.576072679509632174e-03
3.721322241681260939e-03
3.888244308231173559e-03
4.042469352014010746e-03
4.170315236427320389e-03
4.305823117338003318e-03
4.494089316987740466e-03
4.669658493870403049e-03
4.875109457092819190e-03
5.087346760070052439e-03
5.263025394045534218e-03
5.421519264448336137e-03
5.532727670753064507e-03
5.739273204903677823e-03
5.958844133099825031e-03
6.182574430823117341e-03
6.400394045534150457e-03
6.600700525394045254e-03
6.722416812609457309e-03
6.836471103327495212e-03
7.060639229422066912e-03
7.293235551663748012e-03
7.507114711033275288e-03
7.702714535901926396e-03
7.851795096322241804e-03
7.920205779334501053e-03
7.997701401050787487e-03
8.194724168126095096e-03
8.383975481611207620e-03
8.568957968476356712e-03
8.752517513134851906e-03
8.945599824868651073e-03
9.028130472854641389e-03
9.129268826619964597e-03
9.315783712784587653e-03
9.515323992994746335e-03
9.692863397548160537e-03
9.872701401050787418e-03
1.002462784588441409e-02
1.010748686514886113e-02
1.022438704028020943e-02
1.040499124343257503e-02
1.058548598949211883e-02
1.076499562171628725e-02
1.092775831873905347e-02
1.109117775831873834e-02
1.116900175131348497e-02
1.127462784588441347e-02
1.148259632224168068e-02
1.169669439579684722e-02
1.191046409807355530e-02
1.213714973730297721e-02
1.233767513134851126e-02
1.243728108581436051e-02
1.255779334500875706e-02
1.279619089316987729e-02
1.304268826619964933e-02
1.339218476357267873e-02
1.368345008756567498e-02
1.397055604203152439e-02
1.413528896672504309e-02
1.437357705779334499e-02
1.474441768826620022e-02
1.512631348511383513e-02
1.556370402802101545e-02
1.601915499124343181e-02
1.645424693520140119e-02
1.675186077057793516e-02
1.709938704028021034e-02
1.762532837127845850e-02
1.823161120840630436e-02
1.873226795096322173e-02
1.932169439579684705e-02
1.990619527145359030e-02
2.032311733800350184e-02
2.060540718038528923e-02
2.102856830122592016e-02
2.179706654991243539e-02
2.257694833625218875e-02
2.347821803852889744e-02
2.439656304728546332e-02
2.504038966725043863e-02
2.541407618213660166e-02
2.554093695271453593e-02
2.608723730297723281e-02
2.708088879159369425e-02
2.792710157618213604e-02
2.869964973730297630e-02
2.898347197898423766e-02
2.930494746059544506e-02
2.993115148861646285e-02
3.044822679509632396e-02
3.090411558669001885e-02
3.131512697022766772e-02
3.163944833625218639e-02
3.173971103327495602e-02
3.191987740805603962e-02
3.226674693520140136e-02
3.252243870402802411e-02
3.275415936952714296e-02
3.293060420315236519e-02
3.309478984238178878e-02
3.313977670753064791e-02
3.324069614711033099e-02
3.340674255691768874e-02
3.353732486865149132e-02
3.366560858143607948e-02
3.377856830122592108e-02
3.387149737302977415e-02
3.389842381786339898e-02
3.396486427320490054e-02
3.406162434325744198e-02
3.415871278458844362e-02
3.423785026269702408e-02
3.430834063047285415e-02
3.438277145359019266e-02
3.440772767075306326e-02
3.447975043782837423e-02
3.456600262697023113e-02
3.465860332749562400e-02
3.474277583187390661e-02
3.480516637478108660e-02
3.488080122591943888e-02
3.490400612959719540e-02
3.496245621716287388e-02
3.504115586690017409e-02
3.511503940455341227e-02
3.519855516637478143e-02
3.529006129597198060e-02
3.537335814360770270e-02
3.540531961471103661e-02
3.547373029772329239e-02
3.556928633975481313e-02
3.566002626970227879e-02
3.574704465849386920e-02
3.583132661996497187e-02
3.591604640980735480e-02
3.596223730297723464e-02
3.604597197898423699e-02
3.615094133099824858e-02
3.624474605954465523e-02
3.636285026269702597e-02
3.648161120840630323e-02
3.659457092819614482e-02
3.665805604203152546e-02
3.677024956217162660e-02
3.690794658493870561e-02
3.703907618213660158e-02
3.721190893169877556e-02
3.736930823117338291e-02
3.744538091068301544e-02
3.763419439579684944e-02
3.775240805604203331e-02
3.795939141856392168e-02
3.812226357267951143e-02
3.833964535901926429e-02
3.857235113835376372e-02
3.866779772329247133e-02
3.894330122591944249e-02
3.909544658493870062e-02
3.935048161120840299e-02
3.947351138353765582e-02
3.995643607705779560e-02
4.027747373029772621e-02
4.051576182136602117e-02
4.081501751313484916e-02
4.102014010507881031e-02
4.140313047285464065e-02
4.186591506129597184e-02
4.214338879159369722e-02
4.265302101576182170e-02
4.316889229422066210e-02
4.363660245183888231e-02
4.394373905429072025e-02
4.458023204903677900e-02
4.513988616462346476e-02
4.559807355516637406e-02
4.632902802101575984e-02
4.690345884413309879e-02
4.759183450087565992e-02
4.832990367775832213e-02
4.905571366024518570e-02
4.992764886164623162e-02
5.072767075306480050e-02
5.155954465849386936e-02
5.225010945709281790e-02
5.313419439579684933e-02
5.377834938704027790e-02
5.484599387040280105e-02
5.583001313485113498e-02
5.692425569176882971e-02
5.799190017513134593e-02
5.856490805604203098e-02
5.948982049036777298e-02
6.038627408056042312e-02
6.110431260945708987e-02
6.191210595446584863e-02
6.302999124343257320e-02
6.379914623467600188e-02
6.447329246935201708e-02
6.501324430823117451e-02
6.538999562171628199e-02
6.579126532399300065e-02
6.673117338003502208e-02
6.803743432574431427e-02
6.883701838879159596e-02
6.939481173380035450e-02
6.991998686514885875e-02
7.042852451838879646e-02
7.139295096322241518e-02
7.223927320490368398e-02
7.321300350262696655e-02
7.395118213660245576e-02
7.452451838879159407e-02
7.504192206654991537e-02
7.575536339754816717e-02
7.623992994746059404e-02
7.702703590192644389e-02
7.768487302977232500e-02
7.824124343257443659e-02
7.867184763572679373e-02
7.901116462346760572e-02
7.928852889667251103e-02
7.993574868651488752e-02
8.040444395796847443e-02
8.084818301225919768e-02
8.120993870402802572e-02
8.149222854640980618e-02
8.149222854640980618e-02
8.209752626970227840e-02
8.263988616462346337e-02
8.314054290718038420e-02
8.359851138353764644e-02
8.403305604203152590e-02
8.436733800350262880e-02
8.464700087565674158e-02
8.491757880910683065e-02
8.537193520140104464e-02
8.594767950963222436e-02
8.641473292469352419e-02
8.684402364273205444e-02
8.717874343257443759e-02
8.753579246935201674e-02
8.773806917688266316e-02
8.812565674255691539e-02
8.847000875656742258e-02
8.882355516637478743e-02
8.912543782837127615e-02
8.933866024518388738e-02
8.951390105078808890e-02
8.964284150612959745e-02
8.985475043782836790e-02
9.005067863397547834e-02
9.021212784588440725e-02
9.036361646234676581e-02
9.047821803852890143e-02
9.054509632224168325e-02
9.060551663747810902e-02
9.071409807355516886e-02
9.081534588441331213e-02
9.085245183887916132e-02
9.094187828371277926e-02
9.100076619964973801e-02
9.100076619964973801e-02
9.105998248686514307e-02
9.108198336252189276e-02
9.113824430823116995e-02
9.118925131348511182e-02
9.122767075306480178e-02
9.125514448336252693e-02
9.129487740805604379e-02
9.131425131348511193e-02
9.135321803852890221e-02
9.138791593695270998e-02
9.142031523642732416e-02
9.144986865148861666e-02
9.147044658493870550e-02
9.148566112084062507e-02
9.149879597197899117e-02
9.152342381786339465e-02
9.154268826619965660e-02
9.157070928196146820e-02
9.160485989492118952e-02
9.160858143607705784e-02
9.160278021015762218e-02
9.162073117338002948e-02
9.163944833625219111e-02
9.165466287215411068e-02
9.166943957968476386e-02
9.170391856392294538e-02
9.171322241681260923e-02
9.172219789842381288e-02
9.172767075306480222e-02
9.173675569176882594e-02
9.174879597197897751e-02
9.176039842381786271e-02
9.176959281961470649e-02
9.177769264448336350e-02
9.177769264448336350e-02
9.178568301225920045e-02
9.179301663747810314e-02
9.180133537653240028e-02
9.180899737302977703e-02
9.181567425569177321e-02
9.181895796847636126e-02
9.182202276707530919e-02
9.182289842381786971e-02
9.182979422066550601e-02
9.183450087565674103e-02
9.183778458844132908e-02
9.184095884413309707e-02
9.184314798598949836e-02
9.184741681260945312e-02
9.184752626970227318e-02
9.185190455341506188e-02
9.185278021015762240e-02
9.185869089316987812e-02
9.186328809106830695e-02
9.186624343257443481e-02
9.186821366024518210e-02
9.186941768826620280e-02
9.187467162872153814e-02
9.187707968476357956e-02
9.187915936952714691e-02
9.188047285464097380e-02
9.188189579684763464e-02
9.188408493870402205e-02
9.188463222416812237e-02
9.188649299474606347e-02
9.189043345008757191e-02
9.189109019264447842e-02
9.189273204903677938e-02
9.189349824868651984e-02
9.189645359019264770e-02
9.189700087565674802e-02
9.189853327495621504e-02
9.189853327495621504e-02
9.189853327495621504e-02
9.190345884413310407e-02
9.190597635726795167e-02
9.190685201401051219e-02
9.190739929947461251e-02
9.191002626970228018e-02
9.191123029772328701e-02
9.191330998248686823e-02
9.191626532399299609e-02
9.191867338003502363e-02
9.192535026269701981e-02
9.192940017513134832e-02
9.194286339754816073e-02
9.195260507880910483e-02
9.196858581436076485e-02
9.199255691768826182e-02
9.201379159369527105e-02
9.203404115586689971e-02
9.204115586690017614e-02
9.207486865148861721e-02
9.210661120840631100e-02
9.213846322241681097e-02
9.217020577933450476e-02
9.220348073555166557e-02
9.223380035026269852e-02
9.226893607705778655e-02
9.232322679509631647e-02
9.236996497373030357e-02
9.242316112084063284e-02
9.249003940455341466e-02
9.253272767075305938e-02
9.258001313485113293e-02
9.261536777583187496e-02
9.263649299474606413e-02
9.277605078809106343e-02
9.285485989492119063e-02
9.295906304728546177e-02
9.304991243432574055e-02
9.314448336252188765e-02
9.322712346760070323e-02
9.336066112084062674e-02
9.352386164623467668e-02
9.364623467600700912e-02
9.380319614711032927e-02
9.391166812609456904e-02
9.406720665499124223e-02
9.420446584938703405e-02
9.443049474605955118e-02
9.467075306479859342e-02
9.492556917688266260e-02
9.512510945709282129e-02
9.537467162872154125e-02
9.566746935201400626e-02
9.586263134851139012e-02
9.628393169877408342e-02
9.662850262697023074e-02
9.695337127845884972e-02
9.743881348511383711e-02
9.775667688266199973e-02
9.821869527145359047e-02
9.856414185639229830e-02
9.921245621716287544e-02
9.966823555166375026e-02
1.005075525394045488e-01
1.012217600700525411e-01
1.017156304728546456e-01
1.023309982486865083e-01
1.028196147110332775e-01
1.037716725043782845e-01
1.046749124343257509e-01