population: 125.708.382 (Wikipedia)
country: Japan
time: 1/22/20 - 8/17/21
source: https://github.com/CSSEGISandData/COVID-19/blob/master/csse_covid_19_data/csse_covid_19_time_series/time_series_covid19_confirmed_global.csv
1.590983805678128987e-08
1.590983805678128987e-08
1.590983805678128987e-08
1.590983805678128987e-08
3.181967611356257975e-08
3.181967611356257975e-08
5.568443319873450960e-08
5.568443319873450960e-08
8.750410931229708935e-08
1.193237854258596625e-07
1.590983805678128921e-07
1.590983805678128921e-07
1.590983805678128921e-07
1.750082186245941787e-07
1.829631376529848352e-07
1.829631376529848352e-07
1.829631376529848352e-07
1.909180566813754653e-07
1.909180566813754653e-07
2.068278947381567518e-07
2.147828137665474083e-07
2.227377327949380384e-07
2.625123279368912945e-07
3.420615182207977009e-07
4.295656275330948167e-07
4.772951417034386499e-07
5.329795749021731397e-07
6.284386032428609120e-07
6.761681174132047452e-07
7.557173076971112045e-07
8.909509311797521536e-07
1.089823906889518249e-06
1.185282935230206127e-06
1.272787044542503137e-06
1.376200991911581460e-06
1.527344453451003722e-06
1.734172348189160580e-06
1.877360890700192185e-06
1.948955161955707882e-06
2.060324028353177073e-06
2.211467489892599124e-06
2.370565870460412254e-06
2.648988036454084809e-06
2.903545445362585394e-06
3.341065991924070655e-06
3.706992267230040432e-06
3.969504595166931250e-06
4.192242327961869632e-06
4.653627631608526863e-06
5.091148178170012548e-06
5.536623643759888466e-06
5.830955647810342334e-06
6.324160627570562191e-06
6.570763117450672119e-06
6.705996740933313704e-06
7.103742692352845682e-06
7.382164858346518237e-06
7.700361619482143651e-06
8.129927247015238256e-06
8.424259251065692970e-06
8.782230607343271243e-06
9.100427368478897504e-06
9.681136457551414159e-06
1.045276360330530657e-05
1.126416534420115269e-05
1.217102611343768668e-05
1.374610008105903413e-05
1.517003058714095953e-05
1.591779297580968040e-05
1.793834240902090292e-05
2.016571973697028336e-05
2.241696182200483703e-05
2.508981461554409423e-05
2.804108957507702230e-05
3.083326615404213892e-05
3.269471720668555001e-05
3.567781184233203900e-05
3.993369352252103304e-05
4.465891542538507708e-05
4.971824392744152616e-05
5.529464216634337172e-05
5.944710989916328510e-05
6.183358560768048714e-05
6.584286479798936108e-05
7.028170961583134657e-05
7.476032902881528408e-05
7.921508368471404495e-05
8.390848591146451789e-05
8.681998627585549733e-05
8.955647842162187979e-05
9.260321240949549065e-05
9.575336034473819571e-05
9.918988536500295255e-05
1.022525291909333523e-04
1.048935623083590418e-04
1.066356895755765969e-04
1.079959807294313936e-04
1.102551777334943384e-04
1.119734402436267168e-04
1.136280634015319666e-04
1.158077112153110073e-04
1.182180516809133724e-04
1.198090354865914936e-04
1.211454618833611273e-04
1.221398267619099682e-04
1.229432735837774097e-04
1.237228556485597017e-04
1.244149336040296884e-04
1.253297492922946117e-04
1.258786387052535658e-04
1.261729707093040052e-04
1.268650486647739919e-04
1.272627946161935392e-04
1.280423766809758040e-04
1.284560324704521266e-04
1.288855980979852246e-04
1.290765161546666105e-04
1.293390284826034992e-04
1.295617662153984359e-04
1.298322334623636988e-04
1.301583851425277161e-04
1.303413482801807008e-04
1.305402212558904880e-04
1.308663729360545053e-04
1.310334262356506875e-04
1.312720738065024267e-04
1.314789017012405609e-04
1.320357460332279161e-04
1.326323649603572234e-04
1.329744264785780161e-04
1.332528486445716802e-04
1.335392257295937456e-04
1.339369716810132928e-04
1.341756192518650049e-04
1.345256356891141988e-04
1.348995168834485423e-04
1.352336234826409609e-04
1.355438653247482029e-04
1.357109186243443850e-04
1.361166194947923335e-04
1.363950416607859976e-04
1.367211933409500149e-04
1.372223532397386157e-04
1.375644147579594084e-04
1.381689886041171170e-04
1.387258329361044451e-04
1.390838042923820404e-04
1.394497305676880097e-04
1.399111158713346585e-04
1.404679602033220137e-04
1.410009397782241653e-04
1.414384603247856645e-04
1.417566570859212806e-04
1.422259973085963306e-04
1.428942105069811407e-04
1.436260630575930794e-04
1.444772393936309012e-04
1.452090919442428399e-04
1.461000428754225867e-04
1.469750839685455581e-04
1.480808177134918403e-04
1.498547646568229596e-04
1.515809820859837257e-04
1.526151215596745052e-04
1.548106792115103484e-04
1.564573474503872105e-04
1.578892328754975100e-04
1.595359011143743721e-04
1.611746144342228600e-04
1.640065656083299084e-04
1.674033160334527132e-04
1.704739147784115278e-04
1.737433864990800753e-04
1.760025835031430201e-04
1.784845182400009015e-04
1.843313837258680099e-04
1.870201463574640527e-04
1.917453682603281035e-04
1.984434100822330337e-04
2.024208695964283434e-04
2.044891485438099022e-04
2.105110222483016211e-04
2.158646827544085300e-04
2.236445935641745929e-04
2.297619262970069913e-04
2.361338164387479042e-04
2.430068664792774179e-04
2.477320883821414687e-04
2.554801795157939266e-04
2.655511070057365122e-04
2.795676743337608024e-04
2.882385360747066120e-04
3.007277589492799233e-04
3.111646127145284782e-04
3.189842981194364389e-04
3.289120370668679647e-04
3.395636736458830822e-04
3.513449087269296042e-04
3.640489144152694780e-04
3.766017766420698908e-04
3.880568600429524498e-04
3.946992174316585984e-04
4.001483369661061867e-04
4.079918871280994053e-04
4.174025563386855008e-04
4.281178322699277197e-04
4.379262474319333895e-04
4.460641295979770205e-04
4.511791425332321902e-04
4.584897131203231760e-04
4.671764846993257882e-04
4.764996498005996325e-04
4.848443598613814249e-04
4.925367665618351825e-04
4.984393164809009912e-04
5.024167759950963008e-04
5.082238668858215114e-04
5.153116997401175877e-04
5.222642989709309512e-04
5.289941604689495135e-04
5.357876613191950689e-04
5.406003873313714250e-04
5.440846418658065080e-04
5.490723760966074746e-04
5.538135078375283279e-04
5.590557994772377007e-04
5.637332918659314525e-04
5.685141982019942036e-04
5.721018666837983943e-04
5.744485677971736173e-04
5.785135314206812322e-04
5.828091876960121579e-04
5.879957949025229388e-04
5.931028529187497072e-04
5.982576404491467747e-04
6.017578048216386602e-04
6.038897231212473748e-04
6.081217400443511990e-04
6.125049004289944300e-04
6.164107656719342368e-04
6.209689342752020783e-04
6.257498406112649379e-04
6.295682017448924394e-04
6.321137758339773682e-04
6.345877556518069026e-04
6.364651165425071026e-04
6.402914325951630055e-04
6.447780069271753442e-04
6.499407493766008129e-04
6.537829752673135182e-04
6.561535411377739449e-04
6.604332875750480681e-04
6.649596365022024131e-04
6.701541986277414868e-04
6.743225761986182095e-04
6.789125644779995476e-04
6.821024870083842182e-04
6.843378192553619321e-04
6.884186927169263495e-04
6.923881973120933663e-04
6.974793454902633322e-04
7.021568378789569756e-04
7.076855066036885763e-04
7.111697611381236593e-04
7.131744007332780624e-04
7.171598151665017733e-04
7.214634263608611002e-04
7.270955090329617003e-04
7.322025670491884687e-04
7.371823463609610341e-04
7.405870517051122131e-04
7.430530766039133463e-04
7.469271221707395481e-04
7.518591719683418145e-04
7.567832668469155711e-04
7.626221774137542783e-04
7.684372232235078901e-04
7.723828630615895948e-04
7.756284700251730741e-04
7.807434829604282438e-04
7.865585287701817472e-04
7.928985992358090823e-04
7.990716164018402080e-04
8.060480803897388836e-04
8.109483105112274366e-04
8.148303109970821481e-04
8.218147299040091166e-04
8.267388247825828733e-04
8.349801208959956120e-04
8.443032859972695106e-04
8.546685454912624543e-04
8.622654931633755597e-04
8.686055636290028947e-04
8.789151386897971381e-04
8.910384352890644800e-04
9.041163221717386702e-04
9.176794591151447942e-04
9.316244321719135274e-04
9.435409008764427622e-04
9.510662542773002564e-04
9.645100674352804701e-04
9.822495368685916096e-04
1.001198153994218220e-03
1.020496787557093835e-03
1.041068208164512131e-03
1.058274698022921038e-03
1.070366174946074883e-03
1.080166635189051989e-03
1.095670772375385415e-03
1.115478520756078059e-03
1.135787429035559548e-03
1.157098657112618076e-03
1.173469880473045936e-03
1.184980648307127141e-03
1.201001855230305997e-03
1.220539136364033432e-03
1.240474163449180279e-03
1.259955760149709123e-03
1.279707824097202958e-03
1.295991543348318622e-03
1.308059155514387263e-03
1.325225870777654164e-03
1.347793976061198570e-03
1.371475770008717416e-03
1.394576854867163838e-03
1.418139325029257099e-03
1.436968618369457691e-03
1.450269242984926791e-03
1.469687200333228425e-03
1.493544002499371881e-03
1.518991788471193635e-03
1.541289426507772616e-03
1.565647388572704701e-03
1.585176714787403735e-03
1.599527388714620498e-03
1.620671563492082816e-03
1.646723923310062197e-03
1.676650328694867780e-03
1.706926750516922584e-03
1.737887295375419028e-03
1.761314531914029468e-03
1.780199509687428868e-03
1.809067910841458387e-03
1.839742078614932819e-03
1.875857411003826331e-03
1.901766582279294706e-03
1.925862032016289983e-03
1.951285953231026316e-03
1.977791743433624135e-03
2.017136772948044214e-03
2.064468541166968301e-03
2.124631593778686899e-03
2.187181122098922400e-03
2.249149941330085695e-03
2.297523803941729260e-03
2.336725644913638118e-03
2.373119399468525455e-03
2.419409073294730497e-03
2.471863809367938480e-03
2.528638066473562485e-03
2.584887298923312874e-03
2.630811046474211892e-03
2.669710600523042369e-03
2.712539884571897424e-03
2.756443082689585562e-03
2.801157682548169325e-03
2.841290249046400044e-03
2.879107934107369253e-03
2.910696917569108311e-03
2.932851367063176503e-03
2.963565309431792725e-03
2.994883825646566574e-03
3.027992198642728318e-03
3.056120792327117822e-03
3.082523168582346207e-03
3.103738937631064353e-03
3.117978242691883499e-03
3.136377970404551074e-03
3.157307362368246776e-03
3.177926512489835480e-03
3.196747850911007671e-03
3.214805517105454643e-03
3.227827719554929916e-03
3.237588405202765449e-03
3.249982169048997675e-03
3.264969236498485670e-03
3.278421004575494610e-03
3.288889678016856336e-03
3.299724277733524520e-03
3.310471373340880506e-03
3.318211509555504292e-03
3.328616543644639242e-03
3.340238680345118064e-03
3.352369931863413699e-03
3.362687461843236452e-03
3.372503831924270577e-03
3.380745128037683424e-03
3.386607903361607119e-03
3.395382179049922199e-03
3.402573425851587383e-03
3.411196558078362622e-03
3.419604907491371679e-03
3.429309908706008186e-03
3.437240962977313602e-03
3.442713947268846286e-03
3.450048382613022692e-03
3.459944301884340396e-03
3.469084503847961500e-03
3.478065607431014578e-03
3.481343034070711554e-03
3.495041404637599849e-03
3.499981409354230733e-03
3.509328439212589835e-03
3.519343682269333341e-03
3.529708941763326502e-03
3.539756004496184046e-03
3.550375821399085179e-03
3.558131867451766201e-03
3.563803724719008699e-03
3.572888242249430777e-03
3.585178592148294437e-03
3.596792773929744641e-03
3.608478549982450673e-03
3.621174600751762146e-03
3.629972741197162213e-03
3.636225307553477351e-03
3.648292919719545776e-03
3.663995929881589016e-03
3.679197780144843628e-03
3.694924655063971854e-03
3.711470886643024325e-03
3.725654507270644879e-03
3.735916352817268606e-03
3.752947834457053336e-03
3.775730722554364142e-03
3.796397602190122820e-03
3.817987252433175174e-03
3.839871234680277724e-03
3.859933540469878775e-03
3.872390943668338643e-03
3.893193056927580359e-03
3.920661392332613210e-03
3.948432014660724874e-03
3.976115132879523908e-03
4.005596062798740323e-03
4.027074344175395060e-03
4.043883088082384121e-03
4.071319603811303367e-03
4.114928469924941309e-03
4.150844929338124573e-03
4.186729569075195098e-03
4.224929090249527133e-03
4.257631762375240631e-03
4.275721248245801208e-03
4.315281060573987471e-03
4.357991020837417157e-03
4.401949903388303886e-03
4.441835867396654383e-03
4.486558422174266765e-03
4.523334012842516495e-03
4.549450012012723303e-03
4.588954139907711408e-03
4.619151012539481765e-03
4.682106241730165513e-03
4.719367082459147503e-03
4.767009092520179021e-03
4.813919250030598493e-03
4.849517512682646574e-03
4.882904307844802144e-03
4.915264918452295038e-03
4.950131328553731939e-03
4.998226768999381245e-03
5.055891977036185321e-03
5.108219434404938884e-03
5.146856476125832337e-03
5.197449761146396598e-03
5.257278707158923210e-03
5.307927676612685629e-03
5.357948207463206734e-03
5.408310799831947575e-03
5.450193448516424399e-03
5.479928935844548786e-03
5.521326334468293351e-03
5.567894430460492219e-03
5.613317018112603043e-03
5.655112162687767237e-03
5.694767434044294314e-03
5.726945081514134631e-03
5.748765424409009971e-03
5.779932797162244847e-03
5.815610609004577373e-03
5.848726936919766868e-03
5.878168092243840626e-03
5.906837620422160547e-03
5.929533004410159590e-03
5.943820038985149143e-03
5.964828980139128857e-03
5.988980114309322943e-03
6.011635723702179329e-03
6.032135550038342231e-03
6.053319499410946339e-03
6.069444120281494194e-03
6.079029797710704466e-03
6.094008910241164277e-03
6.111867703459901435e-03
6.128127557953931895e-03
6.143528281192895887e-03
6.159016508541172510e-03
6.170026116476465088e-03
6.177511695282180901e-03
6.188759950788325082e-03
6.202418546760072454e-03
6.214708896658935680e-03
6.227723144189382769e-03
6.239711207165167181e-03
6.250195790444586577e-03
6.257068840485115711e-03
6.268547788643083311e-03
6.282691634675562076e-03
6.295936574857832584e-03
6.309674720019863535e-03
6.322609418360026177e-03
6.332728075364139550e-03
6.340738678825728544e-03
6.351883520384503726e-03
6.366361473016174909e-03
6.380147347692375834e-03
6.394259374048740993e-03
6.409246441498228988e-03
6.421051541336360823e-03
6.429324657125886841e-03
6.442760515364838979e-03
6.460102238846730273e-03
6.477841708280041196e-03
6.495931194150601773e-03
6.515484385122385577e-03
6.531648780588076089e-03
6.543668663239974106e-03
6.562728649231998335e-03
6.588271894232160253e-03
6.615477717309256080e-03
6.642588081358011959e-03
6.673803183625416809e-03
6.698185010447433446e-03
6.717022258706662440e-03
6.747537328099569715e-03
6.786635755124109139e-03
6.829321850630453404e-03
6.861793830104344349e-03
6.891545227270525105e-03
6.931598244578471811e-03
6.968978409092880036e-03
7.030294924963714429e-03
7.107258766563394337e-03
7.192249121462719608e-03
7.276507623811433699e-03
7.374671324621774084e-03
7.456527441423914035e-03
7.523332851424338781e-03
7.619149851121304051e-03
7.731425578288009595e-03
7.853143794341415490e-03
7.976341625334100113e-03
8.095943832925953446e-03
8.210112830821417185e-03
8.312826745315997010e-03
8.396942059122199445e-03
8.522486591228260050e-03
8.673256171573348258e-03
8.835536519752516804e-03
8.995748588984305363e-03
9.138157549430554055e-03
9.256860851172199131e-03
9.414845543076037077e-03