population: 144.526.636 (Wikipedia)
country: Russia
time: 1/22/20 - 8/17/21
source: https://github.com/CSSEGISandData/COVID-19/blob/master/csse_covid_19_data/csse_covid_19_time_series/time_series_covid19_confirmed_global.csv
0.000000000000000000e+00
0.000000000000000000e+00
0.000000000000000000e+00
0.000000000000000000e+00
0.000000000000000000e+00
0.000000000000000000e+00
0.000000000000000000e+00
0.000000000000000000e+00
0.000000000000000000e+00
1.383827960958006442e-08
1.383827960958006442e-08
1.383827960958006442e-08
1.383827960958006442e-08
1.383827960958006442e-08
1.383827960958006442e-08
1.383827960958006442e-08
1.383827960958006442e-08
1.383827960958006442e-08
1.383827960958006442e-08
1.383827960958006442e-08
1.383827960958006442e-08
1.383827960958006442e-08
1.383827960958006442e-08
1.383827960958006442e-08
1.383827960958006442e-08
1.383827960958006442e-08
1.383827960958006442e-08
1.383827960958006442e-08
1.383827960958006442e-08
1.383827960958006442e-08
1.383827960958006442e-08
1.383827960958006442e-08
1.383827960958006442e-08
1.383827960958006442e-08
1.383827960958006442e-08
1.383827960958006442e-08
1.383827960958006442e-08
1.383827960958006442e-08
1.383827960958006442e-08
1.383827960958006442e-08
2.075741941437009580e-08
2.075741941437009580e-08
2.075741941437009580e-08
2.767655921916012884e-08
8.994881746227041955e-08
8.994881746227041955e-08
1.176253766814305385e-07
1.176253766814305385e-07
1.383827960958006475e-07
1.383827960958006475e-07
1.937359145341208853e-07
3.113612912155514370e-07
4.082292484826118665e-07
4.359058077017720118e-07
6.227225824311028741e-07
7.887819377460636405e-07
1.017113551304134694e-06
1.376908821153216425e-06
1.750542370611878150e-06
2.117256780265749772e-06
2.539324308357941790e-06
3.030583234498033987e-06
3.424974203371065596e-06
4.552793991551840871e-06
5.812077436023626825e-06
7.168228837762473366e-06
8.745792713254599800e-06
1.061396046054790969e-05
1.270354068159449778e-05
1.617002972379430399e-05
1.921445123790191861e-05
2.454910802739503471e-05
2.870751105007384271e-05
3.273445041646164426e-05
3.728724440801348513e-05
4.388810378178317263e-05
5.187279111651087047e-05
6.000278038713915919e-05
7.009780536232781501e-05
8.245538905368280682e-05
9.398959510826779718e-05
1.091148347215388097e-04
1.268139943421917081e-04
1.460076881606792653e-04
1.694497338193078735e-04
1.933069278662238996e-04
2.214678268717193551e-04
2.545759108376396268e-04
2.965058980546672195e-04
3.260367867415111111e-04
3.650745735201364468e-04
4.013031895380170526e-04
4.343351629660846861e-04
4.748052116843015625e-04
5.160847997596789338e-04
5.600974480579483427e-04
6.029822765680368721e-04
6.473408818565458411e-04
6.877555774563243662e-04
7.368745509305288377e-04
7.917640870019281539e-04
8.583469693434226527e-04
9.319181828877550746e-04
1.005129601162238267e-03
1.075026751470227167e-03
1.148085948669005192e-03
1.225794807816602125e-03
1.299822684588050701e-03
1.374667019856464336e-03
1.450860587386812147e-03
1.531510080951444799e-03
1.606921785683851399e-03
1.676306919646285793e-03
1.745318420059261506e-03
1.818647463710426453e-03
1.882303549914494684e-03
1.949481478279201053e-03
2.011241720176756755e-03
2.075333712188526854e-03
2.135973053437706728e-03
2.197200521570293746e-03
2.258739350994096260e-03
2.324014515912485590e-03
2.383512199093875024e-03
2.445410823787526767e-03
2.507094955147229614e-03
2.564786742839568826e-03
2.622706862145466385e-03
2.682017728552126695e-03
2.743957868084606795e-03
2.808084455795400742e-03
2.866793357039044456e-03
2.928083097429874659e-03
2.987096440824928492e-03
3.048144011322590895e-03
3.108465072140750764e-03
3.169671782853923387e-03
3.231743386042694368e-03
3.293808070091661273e-03
3.353222723595393126e-03
3.411295063976995962e-03
3.472024354043637927e-03
3.534026765834361646e-03
3.594202524716620314e-03
3.655153227257015684e-03
3.712007799032975442e-03
3.769028430164249929e-03
3.823163779996927372e-03
3.876939334559755587e-03
3.932091797943736665e-03
3.986545428207434114e-03
4.039940430080999137e-03
4.092429024640136144e-03
4.143720608013044468e-03
4.193296244714365094e-03
4.242456733027398681e-03
4.289423854022313479e-03
4.336771527706491033e-03
4.383710972142186926e-03
4.429951583457598756e-03
4.476192194773010585e-03
4.521512560494385380e-03
4.568230592456327434e-03
4.614658020546468821e-03
4.660483483473592745e-03
4.706973183821977318e-03
4.752425013199642993e-03
4.796451499777521638e-03
4.841661159262019946e-03
4.886573295734912212e-03
4.932398758662036135e-03
4.977968213416383673e-03
5.023544587310535721e-03
5.068595106579523377e-03
5.111770538961413549e-03
5.156122225110117141e-03
5.200508506957845882e-03
5.244714891170648707e-03
5.287710425917613831e-03
5.329889502167613896e-03
5.370719346155680002e-03
5.411044092937996978e-03
5.451521060796018364e-03
5.491859645857944359e-03
5.531845354789825635e-03
5.572204697271166025e-03
5.611927478890465538e-03
5.650723095775923507e-03
5.687948067925693678e-03
5.725650460721994940e-03
5.763595023411462702e-03
5.801428879864054845e-03
5.838992889864259850e-03
5.876266295992664188e-03
5.913380561905557872e-03
5.948813476845887273e-03
5.984696135873528861e-03
6.020945509310823320e-03
6.056862764037488321e-03
6.092738503925324532e-03
6.128406669619017658e-03
6.163562818967155410e-03
6.197411250892188861e-03
6.232380583465597056e-03
6.267093907866228865e-03
6.301800313127055297e-03
6.336603586345149197e-03
6.370583481926473529e-03
6.404065199441852374e-03
6.436709701040851765e-03
6.469852380705795776e-03
6.502835920155230001e-03
6.536310718530804337e-03
6.569937737982083949e-03
6.603128851625661259e-03
6.635565779030517565e-03
6.667663668584938169e-03
6.699782315558773169e-03
6.732129294146166516e-03
6.765050561337357556e-03
6.798559955411956172e-03
6.832442983036013037e-03
6.866568180553237269e-03
6.898880563441606335e-03
6.932735914506444296e-03
6.967041009658593576e-03
7.002079533630050333e-03
7.037671588785890386e-03
7.072938444370904625e-03
7.108267572214162916e-03
7.143001654034208253e-03
7.178787445104582374e-03
7.215528077468017810e-03
7.253036734349784138e-03
7.290441604134479357e-03
7.327535112627958647e-03
7.364995335531091675e-03
7.402600860370125470e-03
7.441431072954607720e-03
7.480641838228352727e-03
7.520793606515549165e-03
7.562031679752097800e-03
7.603844041592444127e-03
7.645981603003615401e-03
7.688250628071077557e-03
7.732048783035398720e-03
7.776947081228681100e-03
7.826156003520347987e-03
7.877502940011694987e-03
7.931223141456084091e-03
7.986756157529329228e-03
8.043001845002466579e-03
8.100921964308364573e-03
8.162052564483684991e-03
8.226359049829403552e-03
8.293716875829033885e-03
8.365509870443535098e-03
8.439939057323661911e-03
8.519377701422456428e-03
8.595356775618855777e-03
8.673854416704198864e-03
8.756669601027730968e-03
8.844355859773833650e-03
8.937362937029822568e-03
9.030120925252837008e-03
9.124843949180411889e-03
9.221995591179470153e-03
9.315791450373202623e-03
9.419142641637351029e-03
9.520874754187180072e-03
9.623305699857290577e-03
9.732925631784579423e-03
9.844379135760137831e-03
9.951238330905314705e-03
1.005989650239973686e-02
1.017805465284613714e-02
1.029055986607202260e-02
1.040397840575214145e-02
1.052262781512468097e-02
1.063570039781455874e-02
1.074561785275345363e-02
1.086613542987328700e-02
1.099058999754204402e-02
1.111398593682066949e-02
1.124116664557251594e-02
1.136582878743541865e-02
1.149335545317750271e-02
1.162816105399422720e-02
1.176042733050259269e-02
1.190135637004655599e-02
1.204049335238108025e-02
1.218059209514846773e-02
1.232988637471642279e-02
1.247356231276288731e-02
1.260905982756009049e-02
1.275666583701567589e-02
1.290692879615630215e-02
1.306220121251559438e-02
1.321658797897987472e-02
1.337269761125554728e-02
1.352630943406169135e-02
1.366965325339752554e-02
1.383112521902191139e-02
1.399759280358535418e-02
1.416737465611529224e-02
1.433547515767266516e-02
1.450769946655369388e-02
1.467436078703167161e-02
1.483622022448512559e-02
1.501054795186681015e-02
1.519921213692402087e-02
1.538470735595063622e-02
1.556730345539904421e-02
1.574751937075460559e-02
1.592828881729455026e-02
1.610156483542590777e-02
1.629411757705340885e-02
1.648147404468751354e-02
1.667832357213379010e-02
1.687690980367106963e-02
1.706924805196462225e-02
1.724742974021757635e-02
1.742620647449373908e-02
1.761691180579336158e-02
1.781207306312726849e-02
1.800393389077429435e-02
1.819525502551654073e-02
1.838139372454500320e-02
1.856312493151781456e-02
1.874353458278790741e-02
1.893579672054360868e-02
1.913033525529508547e-02
1.932249360595371390e-02
1.951975828178827838e-02
1.971983904752339090e-02
1.991592746959114021e-02
2.010145728431678158e-02
2.030556498941828159e-02
2.050341779213625537e-02
2.070291735012776482e-02
2.089560847455136303e-02
2.108493689702983093e-02
2.126890298615959074e-02
2.144945793936558348e-02
2.163855111109069113e-02
2.182269017871556888e-02
2.200215882697221376e-02
2.216714571561743258e-02
2.232638971822467275e-02
2.249213771224841882e-02
2.265751899186251028e-02
2.281816757985012656e-02
2.297959111149587563e-02
2.313881435668370401e-02
2.329477176788367215e-02
2.345403652791032759e-02
2.361080347846745628e-02
2.376678856622664246e-02
2.393494442090245491e-02
2.410303800332002505e-02
2.426681404249940444e-02
2.442718586489482646e-02
2.458292878276084614e-02
2.473128897845515428e-02
2.487524860123361756e-02
2.502431454918801340e-02
2.517087576853307626e-02
2.531330626141467879e-02
2.545722436935431154e-02
2.558868110650551475e-02
2.571310107847524923e-02
2.583393693602610217e-02
2.596440423618522411e-02
2.609563264172287331e-02
2.622537343220248882e-02
2.635049223729250822e-02
2.647082299763761290e-02
2.658433840527499661e-02
2.669658069118830204e-02
2.681049048979455840e-02
2.692426882474452735e-02
2.703759741560718410e-02
2.714697517764130472e-02
2.725561259171631334e-02
2.735807121394564362e-02
2.745672430928233765e-02
2.755914833581264711e-02
2.766201518729045905e-02
2.776331139403258666e-02
2.785995793882589319e-02
2.795681897695314819e-02
2.804697536860956131e-02
2.813435718520425691e-02
2.822598735363909123e-02
2.831761060293411930e-02
2.840600261394031142e-02
2.849296236300691287e-02
2.857914024927557181e-02
2.865994888305571642e-02
2.874027317704952456e-02
2.881684729726913599e-02
2.889264647383060769e-02
2.897158693986345845e-02
2.904931655643046978e-02
2.912854070719531757e-02
2.920078344589712924e-02
2.927285320610382297e-02
2.935078347772517027e-02
2.942624361643621234e-02
2.950172451256666620e-02
2.957422325944125685e-02
2.964441793276085049e-02
2.970905653681719938e-02
2.977116273570499377e-02
2.983459049029550669e-02
2.990167155070294278e-02
2.996953447390832484e-02
3.003862208485915189e-02
3.010329528461452506e-02
3.016767788049809842e-02
3.022932741615877786e-02
3.029653302108270205e-02
3.036303979288634478e-02
3.042910373974247809e-02
3.049286361304361787e-02
3.055648510354866398e-02
3.061439138457495296e-02
3.067506532152315668e-02
3.073822322966127812e-02
3.080100058511013941e-02
3.086177139001560973e-02
3.092389834632281939e-02
3.098332683810615940e-02
3.103980085719285770e-02
3.109623336144072547e-02
3.115890001065270767e-02
3.121897198243789306e-02
3.128059384153935446e-02
3.134076960042161270e-02
3.139975526725744676e-02
3.145653372849555734e-02
3.151309077725990976e-02
3.157221482689184094e-02
3.163467390190968093e-02
3.169404012143477861e-02
3.175337866440065826e-02
3.181005333854169254e-02
3.186571089913142057e-02
3.192246168381031313e-02
3.198347465860894995e-02
3.204486126695704762e-02
3.210852427230091732e-02
3.216738539462026675e-02
3.222595591306781637e-02
3.228161347365754441e-02
3.233797678650737056e-02
3.239937723313507378e-02
3.245969137481342914e-02
3.251987405283549015e-02
3.257973845042653332e-02
3.263980350307191941e-02
3.269467920086370494e-02
3.274815723241492754e-02
3.281154347216660994e-02
3.287113802330526857e-02
3.293442739509968437e-02
3.299375209978595153e-02
3.305165146167243773e-02
3.310460363859849681e-02
3.315896732004473130e-02
3.321098541309713825e-02
3.326814442702451247e-02
3.332486753514418004e-02
3.338222720412589023e-02
3.343991899181823074e-02
3.349519599971869516e-02
3.355121335557827850e-02
3.360835853122603328e-02
3.367296945872316760e-02
3.373293764341128015e-02
3.379123831540643830e-02
3.385492207816973020e-02
3.391066958757692207e-02
3.396463195891447767e-02
3.402767916081572697e-02
3.408864370163573049e-02
3.414804451685985592e-02
3.420911976391673853e-02
3.426643099891980848e-02
3.432013736208459204e-02
3.437719950805469271e-02
3.443885596285518186e-02
3.450200003271369081e-02
3.456534475762654268e-02
3.463147789588073150e-02
3.468919044099248034e-02
3.475401586182356312e-02
3.481422621640484216e-02
3.487516308066562765e-02
3.493618989374387696e-02
3.499853826252483785e-02
3.506098349926307228e-02
3.512531074202820264e-02
3.519341583512675120e-02
3.526448232006174771e-02
3.534446757620512275e-02
3.542999506333213006e-02
3.552243477112412839e-02
3.562318436582167375e-02
3.571693871017658090e-02
3.581382050572325115e-02
3.590521542340471828e-02
3.600109394367969479e-02
3.611907219649117262e-02
3.624139566910005578e-02
3.636156037008984182e-02
3.647997452870901935e-02
3.659371134882016124e-02
3.671343322486243788e-02
3.685092345192342300e-02
3.698975599210653498e-02
3.713721669962621874e-02
3.727676883034902744e-02
3.742385590431925729e-02
3.756374015375269632e-02
3.770650276534492917e-02
3.786652863075011533e-02
3.802422274604107949e-02
3.819030285877545589e-02
3.836115717797514146e-02
3.852649002361059616e-02
3.868511822277521245e-02
3.884778719958582871e-02
3.901634436437031311e-02
3.919139168229170134e-02
3.936165095546816789e-02
3.953147432283693474e-02
3.970202419988520109e-02
3.986954349369897788e-02
4.003097394448452973e-02
4.020252017766468705e-02
4.037679947106773831e-02
4.054694111886752994e-02
4.071632166128878738e-02
4.088305909230462165e-02
4.104381838652911008e-02
4.120409334096726550e-02
4.136972370961432971e-02
4.153077360771062487e-02
4.169264688344368613e-02
4.185536429423293570e-02
4.201227654672596429e-02
4.216786032437647158e-02
4.231918191190722767e-02
4.247638476827205606e-02
4.263563569001910247e-02
4.279660255843774352e-02
4.295065028705158383e-02
4.310957600922780963e-02
4.325813685997645375e-02
4.341072465009149228e-02
4.356684812064676865e-02
4.371957429355790431e-02
4.386990644409657220e-02
4.402400260668905274e-02
4.417313774604150062e-02
4.431681368408796340e-02
4.446182501611675025e-02
4.460927880449663124e-02
4.475915429180819111e-02
4.490813029094512659e-02
4.505350141824376181e-02
4.519294976186950114e-02
4.533374733775717008e-02