population: 10.327.589 (Wikipedia)
country: Sweden
time: 1/22/20 - 8/17/21
source: https://github.com/CSSEGISandData/COVID-19/blob/master/csse_covid_19_data/csse_covid_19_time_series/time_series_covid19_confirmed_global.csv
0.000000000000000000e+00
0.000000000000000000e+00
0.000000000000000000e+00
0.000000000000000000e+00
0.000000000000000000e+00
0.000000000000000000e+00
0.000000000000000000e+00
0.000000000000000000e+00
0.000000000000000000e+00
0.000000000000000000e+00
9.682802055736339405e-08
9.682802055736339405e-08
9.682802055736339405e-08
9.682802055736339405e-08
9.682802055736339405e-08
9.682802055736339405e-08
9.682802055736339405e-08
9.682802055736339405e-08
9.682802055736339405e-08
9.682802055736339405e-08
9.682802055736339405e-08
9.682802055736339405e-08
9.682802055736339405e-08
9.682802055736339405e-08
9.682802055736339405e-08
9.682802055736339405e-08
9.682802055736339405e-08
9.682802055736339405e-08
9.682802055736339405e-08
9.682802055736339405e-08
9.682802055736339405e-08
9.682802055736339405e-08
9.682802055736339405e-08
9.682802055736339405e-08
9.682802055736339405e-08
1.936560411147267881e-07
2.904840616720901557e-07
1.065108226130997202e-06
1.355592287803087464e-06
1.355592287803087464e-06
1.839732390589904355e-06
3.098496657835628610e-06
6.003337274556530378e-06
8.424037788490614621e-06
1.413689100137505516e-05
1.733221567976804761e-05
2.178630462540676242e-05
3.156593470170046577e-05
4.105508071632207336e-05
6.003337274556530209e-05
7.465440384972717224e-05
8.937226297444640199e-05
9.624705243401920527e-05
1.029281858524772758e-04
1.109649115587384486e-04
1.224874460050646757e-04
1.365275089858823882e-04
1.503739159255853544e-04
1.678029596259107616e-04
1.808747424011547967e-04
1.923004488269236913e-04
2.099231485683638178e-04
2.321935932965573952e-04
2.625975917515695050e-04
2.902904056309754373e-04
3.256326331344130769e-04
3.546810393016220980e-04
3.817928850576838185e-04
4.220733416095469879e-04
4.680666513742946181e-04
5.151250693651731770e-04
5.687677927539525145e-04
6.269614331089279433e-04
6.615290364479066518e-04
6.944505634374102199e-04
7.321166634342245443e-04
8.035757426055588088e-04
8.669980960706318192e-04
9.294521693301311793e-04
9.734120906631741222e-04
1.011659158783332658e-03
1.056587360321949252e-03
1.098901205305517163e-03
1.145281827152494231e-03
1.203765951569141712e-03
1.264089808376378998e-03
1.330707486519845011e-03
1.382219993456362383e-03
1.419789265432619321e-03
1.464426982909563862e-03
1.532884393443619897e-03
1.602794224286036191e-03
1.676189863868517540e-03
1.751618891882703683e-03
1.797418545606336649e-03
1.826466951773545507e-03
1.880981127347341108e-03
1.952827518600904920e-03
2.030096279005680869e-03
2.091582072059606362e-03
2.143094578996123951e-03
2.172046157142775314e-03
2.197318270508247500e-03
2.243408408293552300e-03
2.307024417799740084e-03
2.379258121135533009e-03
2.455461773314178246e-03
2.523241387704332466e-03
2.572526850168030486e-03
2.599445039882977704e-03
2.643501789236577925e-03
2.716510116736829943e-03
2.784289731126984163e-03
2.848196224694844216e-03
2.914813902838310228e-03
2.949478334197846215e-03
2.974556791522203411e-03
3.016289668382426785e-03
3.080873958094188219e-03
3.159110998704538036e-03
3.218176091244529403e-03
3.269688598181046991e-03
3.308710290465664405e-03
3.329044174782710627e-03
3.376489904855818625e-03
3.448723608191611983e-03
3.526186024637502706e-03
3.601130912548901591e-03
3.675978972439743631e-03
3.717808677320524717e-03
3.743468102768226016e-03
3.806212660089397428e-03
3.893454706611581932e-03
3.994736816114584366e-03
4.095341129473684116e-03
4.206306041032423053e-03
4.282122381128838744e-03
4.326856926626340347e-03
4.392409496543674997e-03
4.483040523785367278e-03
4.622182389326298484e-03
4.747477847927526751e-03
4.876936911412721454e-03
4.977831708833494774e-03
5.018305821426472663e-03
5.084536187487709129e-03
5.202472716526577307e-03
5.343551142478655813e-03
5.488405861232471643e-03
5.605858250168553429e-03
5.673831520599822639e-03
5.704913315198735860e-03
5.782375731644627016e-03
5.909414094615888027e-03
6.073828073522290552e-03
6.197864767856273334e-03
6.314348876586781470e-03
6.387938172210377158e-03
6.428605940844470470e-03
6.498999911789673373e-03
6.576946468338350921e-03
6.643176834399587387e-03
6.709891340563611112e-03
6.777574126933207620e-03
6.813400494539431813e-03
6.843901321015001364e-03
6.868205154174899900e-03
6.895123343889846684e-03
6.947119990929151098e-03
6.979557377815867950e-03
7.016061541565993959e-03
7.046465540021006231e-03
7.056729310200086404e-03
7.073190073694838459e-03
7.103690900170408010e-03
7.132642478317059373e-03
7.159076527929219766e-03
7.188028106075871129e-03
7.207393710187344135e-03
7.218044792448653421e-03
7.230729263141668153e-03
7.252612395787632130e-03
7.281370317893169804e-03
7.302672482415789243e-03
7.328041423801818707e-03
7.341403690638734388e-03
7.345470467502144413e-03
7.352345256961717243e-03
7.379747586779450419e-03
7.408892820967217206e-03
7.438134883175540404e-03
7.463116512479340756e-03
7.492455402708221232e-03
7.496134867489401277e-03
7.512111490881366073e-03
7.544452049747525646e-03
7.585603958484405350e-03
7.622204950255088637e-03
7.658999598066886481e-03
7.684174883411801389e-03
7.691243328912488776e-03
7.710221620941731802e-03
7.750598905514152412e-03
7.793590546641622138e-03
7.828642290083388106e-03
7.861951129155119594e-03
7.883834261801085305e-03
7.889934427096198175e-03
7.906782502673180210e-03
7.937186501128191615e-03
7.971173136343826654e-03
8.003416867189428949e-03
8.032271617315522166e-03
8.047764100604700571e-03
8.053283297776469771e-03
8.070905997517910033e-03
8.092692302143317598e-03
8.116511995200428875e-03
8.129486949955114575e-03
8.129486949955114575e-03
8.129486949955114575e-03
8.129486949955114575e-03
8.170251546609766033e-03
8.184001125528911694e-03
8.185066233755042622e-03
8.204141353804842926e-03
8.228929327067526986e-03
8.228929327067526986e-03
8.228929327067526986e-03
8.284411782846896888e-03
8.298839157909944364e-03
8.315590405466368254e-03
8.345994403921379659e-03
8.376107918314720097e-03
8.376107918314720097e-03
8.376107918314720097e-03
8.376107918314720097e-03
8.457443455582904987e-03
8.479713900311098077e-03
8.509730586683882103e-03
8.543814049920073553e-03
8.543814049920073553e-03
8.543814049920073553e-03
8.543814049920073553e-03
8.659910846568351708e-03
8.690895813146708518e-03
8.742505148103783819e-03
8.803894113137152033e-03
8.803894113137152033e-03
8.803894113137152033e-03
8.803894113137152033e-03
8.953299748857163412e-03
8.991740473018436722e-03
9.064555144477574183e-03
9.129236262209891595e-03
9.129236262209891595e-03
9.129236262209891595e-03
9.129236262209891595e-03
9.309530036487703372e-03
9.361042543424220527e-03
9.443830501000765459e-03
9.532815451892983141e-03
9.532815451892983141e-03
9.532815451892983141e-03
9.532815451892983141e-03
9.746127581180853705e-03
9.811776979118747369e-03
9.915867101217912608e-03
9.992651721519901081e-03
9.992651721519901081e-03
9.992651721519901081e-03
9.992651721519901081e-03
1.030056482689231667e-02
1.039497214693574714e-02
1.055125257211533135e-02
1.070859810552104649e-02
1.070859810552104649e-02
1.070859810552104649e-02
1.070859810552104649e-02
1.121123236023431960e-02
1.141728238798038995e-02
1.173236076687404934e-02
1.204104849641092490e-02
1.204104849641092490e-02
1.204104849641092490e-02
1.204104849641092490e-02
1.302646726162321085e-02
1.333612327136565918e-02
1.372672750629406330e-02
1.418152871885199930e-02
1.418152871885199930e-02
1.418152871885199930e-02
1.418152871885199930e-02
1.570937805522663530e-02
1.614190882305637995e-02
1.659293374281257602e-02
1.717293358595118474e-02
1.717293358595118474e-02
1.717293358595118474e-02
1.717293358595118474e-02
1.863348744803845422e-02
1.902147732641180922e-02
1.946775767316069605e-02
2.016879254199600846e-02
2.016879254199600846e-02
2.016879254199600846e-02
2.016879254199600846e-02
2.184052831691888491e-02
2.232021433076006312e-02
2.288578679883562436e-02
2.354169981009120172e-02
2.354169981009120172e-02
2.354169981009120172e-02
2.354169981009120172e-02
2.524868098449696216e-02
2.577155229550672638e-02
2.639948200882122689e-02
2.700649686969533794e-02
2.700649686969533794e-02
2.700649686969533794e-02
2.700649686969533794e-02
2.882880021658491485e-02
2.951250286974045969e-02
3.028083321286313689e-02
3.099445572437090762e-02
3.099445572437090762e-02
3.099445572437090762e-02
3.099445572437090762e-02
3.302116302265707681e-02
3.375279554598851345e-02
3.461272519655846092e-02
3.554750290701924609e-02
3.554750290701924609e-02
3.554750290701924609e-02
3.554750290701924609e-02
3.770860749783903898e-02
3.834854388570265588e-02
3.834854388570265588e-02
3.834854388570265588e-02
3.834854388570265588e-02
3.834854388570265588e-02
3.834854388570265588e-02
4.149400213350860206e-02
4.235054280335904392e-02
4.235054280335904392e-02
4.235054280335904392e-02
4.235054280335904392e-02
4.235054280335904392e-02
4.235054280335904392e-02
4.548476900078033541e-02
4.548476900078033541e-02
4.669860506648744469e-02
4.739450805023321528e-02
4.739450805023321528e-02
4.739450805023321528e-02
4.739450805023321528e-02
4.907883146782855005e-02
4.959560261354319793e-02
5.023273098881064769e-02
5.068811316949192736e-02
5.068811316949192736e-02
5.068811316949192736e-02
5.068811316949192736e-02
5.163499438252238533e-02
5.209027973518311205e-02
5.257296741766156328e-02
5.298100069629029657e-02
5.298100069629029657e-02
5.298100069629029657e-02
5.298100069629029657e-02
5.386436272783512447e-02
5.426939433782657085e-02
5.466493680180340570e-02
5.489732405114107483e-02
5.489732405114107483e-02
5.489732405114107483e-02
5.489732405114107483e-02
5.583161762149907448e-02
5.624894639010131342e-02
5.661282609135587923e-02
5.694087942500422606e-02
5.694087942500422606e-02
5.694087942500422606e-02
5.694087942500422606e-02
5.772634832776556146e-02
5.812043837143403280e-02
5.853999418450908654e-02
5.891123281532601591e-02
5.891123281532601591e-02
5.891123281532601591e-02
5.891123281532601591e-02
5.982703223375755719e-02
6.023690524477687963e-02
6.071329910591910517e-02
6.111455442310882030e-02
6.111455442310882030e-02
6.111455442310882030e-02
6.111455442310882030e-02
6.217317517186247283e-02
6.269323847027606644e-02
6.317689443296010954e-02
6.364592936453997152e-02
6.364592936453997152e-02
6.364592936453997152e-02
6.364592936453997152e-02
6.478888731919908717e-02
6.538718765822303103e-02
6.585564162167956148e-02
6.632341778899218665e-02
6.632341778899218665e-02
6.632341778899218665e-02
6.632341778899218665e-02
6.738988160741098132e-02
6.796281300504890266e-02
6.847600151400293211e-02
6.899257900367646024e-02
6.899257900367646024e-02
6.899257900367646024e-02
6.899257900367646024e-02
7.022829820202954043e-02
7.088488900942901960e-02
7.151107581837348737e-02
7.206638451626996844e-02
7.206638451626996844e-02
7.206638451626996844e-02
7.206638451626996844e-02
7.342807696936816397e-02
7.416871449861144050e-02
7.491487122502647755e-02
7.552759893911346889e-02
7.552759893911346889e-02
7.552759893911346889e-02
7.552759893911346889e-02
7.711819283280928194e-02
7.793551815433398533e-02
7.873967486506289193e-02
7.873967486506289193e-02
7.873967486506289193e-02
7.873967486506289193e-02
7.873967486506289193e-02
8.085071936925453118e-02
8.151050550133240313e-02
8.226789427813209488e-02
8.302044165390393138e-02
8.302044165390393138e-02
8.302044165390393138e-02
8.302044165390393138e-02
8.487034098665235948e-02
8.573007698118118025e-02
8.641707178703567083e-02
8.715858076846397240e-02
8.715858076846397240e-02
8.715858076846397240e-02
8.715858076846397240e-02
8.877483408760747374e-02
8.950201252199327384e-02
9.025107408902503792e-02
9.085789529385802921e-02
9.085789529385802921e-02
9.085789529385802921e-02
9.085789529385802921e-02
9.230169790838888000e-02
9.300525030575867991e-02
9.369834527690829029e-02
9.427214812673122279e-02
9.427214812673122279e-02
9.427214812673122279e-02
9.427214812673122279e-02
9.571972703406381178e-02
9.640149312680820759e-02
9.703339278896555564e-02
9.758250449354637091e-02
9.758250449354637091e-02
9.758250449354637091e-02
9.758250449354637091e-02
9.891989311348466096e-02
9.953281448361277206e-02
9.953281448361277206e-02
1.004228576485760582e-01
1.004228576485760582e-01
1.004228576485760582e-01
1.004228576485760582e-01
1.013927839304991640e-01
1.018400325574536358e-01
1.021703129355747974e-01
1.024770641047005326e-01
1.024770641047005326e-01
1.024770641047005326e-01
1.024770641047005326e-01
1.030613243807436546e-01
1.033258585329063783e-01
1.034581256089877332e-01
1.034581256089877332e-01
1.034581256089877332e-01
1.034581256089877332e-01
1.034581256089877332e-01
1.034581256089877332e-01
1.034581256089877332e-01
1.042831003441364729e-01
1.043866094981122927e-01
1.043866094981122927e-01
1.043866094981122927e-01
1.043866094981122927e-01
1.046452371410210025e-01
1.047580417849703349e-01
1.048385058700535000e-01
1.049088998409987011e-01
1.049088998409987011e-01
1.049088998409987011e-01
1.049088998409987011e-01
1.050231569052563901e-01
1.050231569052563901e-01
1.050231569052563901e-01
1.050231569052563901e-01
1.050231569052563901e-01
1.050231569052563901e-01
1.050231569052563901e-01
1.053502419586991729e-01
1.053990432810600758e-01
1.054356442728307669e-01
1.054356442728307669e-01
1.054356442728307669e-01
1.054356442728307669e-01
1.054356442728307669e-01
1.055176576062428484e-01
1.055415741273205144e-01
1.055960883028943115e-01
1.056277510656165736e-01
1.056277510656165736e-01
1.056277510656165736e-01
1.056277510656165736e-01
1.057100548830903347e-01
1.057442351743470843e-01
1.057660214789724884e-01
1.057884855797417978e-01
1.057884855797417978e-01
1.057884855797417978e-01
1.057884855797417978e-01
1.058532635254946785e-01
1.058887994090392248e-01
1.059223987321726290e-01
1.059576441316555095e-01
1.059576441316555095e-01
1.059576441316555095e-01
1.059576441316555095e-01
1.060536975280484129e-01
1.061000781498953882e-01
1.061565288858803413e-01
1.062008761192956008e-01
1.062008761192956008e-01
1.062008761192956008e-01
1.062008761192956008e-01
1.063320780871508386e-01
1.063941448483280983e-01
1.064540813930531099e-01
1.065146957339220268e-01
1.065146957339220268e-01
1.065146957339220268e-01
1.065146957339220268e-01
1.066947958521587136e-01
1.067847490832565110e-01
1.068684084930180689e-01
1.069502281703890445e-01
1.069502281703890445e-01
1.069502281703890445e-01
1.069502281703890445e-01
1.071712865413215060e-01
1.072909659747304095e-01
1.073931195364184188e-01
1.074933365376952998e-01
1.074933365376952998e-01
1.074933365376952998e-01
1.074933365376952998e-01
1.077655201034820459e-01