population: 8.606.033 (Wikipedia)
country: Schwitzerland
time: 1/22/20 - 8/17/21
source: https://github.com/CSSEGISandData/COVID-19/blob/master/csse_covid_19_data/csse_covid_19_time_series/time_series_covid19_confirmed_global.csv
0.000000000000000000e+00
0.000000000000000000e+00
0.000000000000000000e+00
0.000000000000000000e+00
0.000000000000000000e+00
0.000000000000000000e+00
0.000000000000000000e+00
0.000000000000000000e+00
0.000000000000000000e+00
0.000000000000000000e+00
0.000000000000000000e+00
0.000000000000000000e+00
0.000000000000000000e+00
0.000000000000000000e+00
0.000000000000000000e+00
0.000000000000000000e+00
0.000000000000000000e+00
0.000000000000000000e+00
0.000000000000000000e+00
0.000000000000000000e+00
0.000000000000000000e+00
0.000000000000000000e+00
0.000000000000000000e+00
0.000000000000000000e+00
0.000000000000000000e+00
0.000000000000000000e+00
0.000000000000000000e+00
0.000000000000000000e+00
0.000000000000000000e+00
0.000000000000000000e+00
0.000000000000000000e+00
0.000000000000000000e+00
0.000000000000000000e+00
0.000000000000000000e+00
1.161975558308921187e-07
1.161975558308921187e-07
9.295804466471369500e-07
9.295804466471369500e-07
2.091556004956058032e-06
3.137334007434087259e-06
4.880297344897468881e-06
6.507063126529959073e-06
1.045778002478029143e-05
1.324652136472170101e-05
2.486627694781091521e-05
3.114094496267908634e-05
3.915857631501064756e-05
4.345788588075365591e-05
5.705299991296803290e-05
7.576080640174166672e-05
7.576080640174166672e-05
1.323490160913861203e-04
1.579124783741823774e-04
2.556346228279626786e-04
2.556346228279626786e-04
3.137334007434087395e-04
3.518461990559413320e-04
4.735050400108853797e-04
6.151498605687428416e-04
7.639989295881156840e-04
8.684605322800876713e-04
1.021957503532696212e-03
1.147683258941721400e-03
1.266204765889231533e-03
1.372409331918666812e-03
1.502202001781773304e-03
1.635596795875637541e-03
1.723093555416299301e-03
1.850097483939464223e-03
1.929460414571963593e-03
2.064598172003291338e-03
2.187651383628206117e-03
2.278169279620470902e-03
2.382630882312442890e-03
2.451768428031823530e-03
2.516490466629630468e-03
2.585744209904842269e-03
2.705079099743168576e-03
2.794667415288786243e-03
2.852766193204232630e-03
2.917372034246208407e-03
2.953160881442123097e-03
2.984882814183956699e-03
3.013699808030018221e-03
3.060178830362374983e-03
3.106193062471407969e-03
3.146397416788896794e-03
3.184277819989767607e-03
3.223320198748947426e-03
3.247024500138449583e-03
3.260852009282325624e-03
3.284672508227658508e-03
3.311165550957102018e-03
3.332197308562493115e-03
3.357412178177796892e-03
3.376817170001556075e-03
3.388785518252137880e-03
3.400405273835227071e-03
3.417021524319044466e-03
3.437820886812774108e-03
3.451648395956650583e-03
3.464662522209710233e-03
3.474887907122828964e-03
3.483718921365976801e-03
3.486972452929241496e-03
3.492898528276617252e-03
3.500567566961456083e-03
3.509979568983758423e-03
3.515092261440317355e-03
3.521366929455185726e-03
3.525898634132590588e-03
3.530081746142502402e-03
3.533916265484922034e-03
3.539726143276466629e-03
3.545652218623841952e-03
3.552391676862033665e-03
3.554134640199497173e-03
3.555296615757806179e-03
3.557736764430254918e-03
3.562384666663490507e-03
3.566567778673402755e-03
3.568078346899204376e-03
3.570169902904160499e-03
3.571448076018300232e-03
3.572610051576609238e-03
3.574353014914072313e-03
3.576095978251535822e-03
3.578419929368153833e-03
3.582138251154742305e-03
3.584113609603867268e-03
3.586088968052992664e-03
3.587134746055470509e-03
3.587483338722963124e-03
3.589691092283750409e-03
3.592015043400367987e-03
3.594687587184478613e-03
3.597011538301096625e-03
3.598057316303574470e-03
3.598870699194390860e-03
3.600729860087685096e-03
3.603402403871795723e-03
3.607236923214214921e-03
3.609444676775001772e-03
3.613046801005759517e-03
3.615719344789870143e-03
3.617346110571502491e-03
3.620018654355613118e-03
3.623853173698032316e-03
3.625363741923833937e-03
3.629430656377915457e-03
3.630360236824562575e-03
3.636053917060276010e-03
3.638145473065232133e-03
3.640701819293512033e-03
3.645814511750070964e-03
3.651856784653277448e-03
3.658596242891469161e-03
3.666613874243801040e-03
3.673818122705316096e-03
3.677885037159397182e-03
3.685089285620912671e-03
3.701008350769744836e-03
3.714487267246128262e-03
3.730057739727467812e-03
3.741328902643064388e-03
3.749462731551226995e-03
3.754924016675278975e-03
3.761198684690146912e-03
3.776188169392331959e-03
3.786413554305450690e-03
3.798498100111863222e-03
3.813255189702386815e-03
3.820924228387225646e-03
3.828244674404571862e-03
3.836378503312734035e-03
3.851716580682412131e-03
3.868216633610398799e-03
3.878906808746840872e-03
3.891688539888239068e-03
3.903192097915497098e-03
3.908188592816225736e-03
3.920737928845961610e-03
3.937121784218117551e-03
3.950716898250331705e-03
3.968611321848289700e-03
3.985808560111261598e-03
3.998590291252659794e-03
4.006143132381667464e-03
4.021481209751345126e-03
4.043907338026707550e-03
4.069470800309503943e-03
4.093872287033991329e-03
4.114787847083551699e-03
4.130823109788214591e-03
4.138492148473053855e-03
4.153597830731070063e-03
4.174629588336461160e-03
4.195661345941852256e-03
4.214369152430626209e-03
4.235517107591848900e-03
4.253179136078144573e-03
4.265379879440388267e-03
4.287108822380764593e-03
4.318946952678428923e-03
4.346137180742858097e-03
4.377278125705537197e-03
4.406676107330752788e-03
4.429915618496931169e-03
4.444788905643285055e-03
4.467679824141971255e-03
4.503817264005378559e-03
4.534725813856396205e-03
4.570282265940649007e-03
4.604560544910762075e-03
4.636631070320087859e-03
4.654874086585538036e-03
4.678345992863378738e-03
4.722849656746610537e-03
4.764796974401562003e-03
4.804304143384065598e-03
4.847994424376481440e-03
4.881924110679101460e-03
4.900864312279536866e-03
4.925962984339009483e-03
4.968956079996440095e-03
5.011251990318884610e-03
5.058312000430395874e-03
5.107695961658525151e-03
5.159287676447440844e-03
5.181481409611141814e-03
5.209949810789709854e-03
5.264446464474398062e-03
5.311506474585909326e-03
5.372858784064620842e-03
5.426890647525985274e-03
5.482084486545659580e-03
5.511947258394198947e-03
5.548549488480930027e-03
5.608275032178007893e-03
5.669859736768380863e-03
5.726564144013856356e-03
5.726564144013856356e-03
5.726564144013856356e-03
5.853800467648682948e-03
5.887032968616318605e-03
5.937811300514418342e-03
5.983244544844296825e-03
6.026470035613388891e-03
6.026470035613388891e-03
6.026470035613388891e-03
6.117336524273146725e-03
6.143480974335097620e-03
6.191238169781594115e-03
6.255146825488584229e-03
6.319287876307236665e-03
6.319287876307236665e-03
6.319287876307236665e-03
6.499161692733458097e-03
6.580499981815082430e-03
6.705644749444953333e-03
6.841828284878758923e-03
7.014614050399295593e-03
7.014614050399295593e-03
7.014614050399295593e-03
7.487305707519364799e-03
7.655211175695003992e-03
7.983236875805611518e-03
8.286861089191733393e-03
8.647654500046652801e-03
8.647654500046652801e-03
8.647654500046652801e-03
9.662872545341157082e-03
1.001239479328048208e-02
1.066263631571015384e-02
1.127337066915732287e-02
1.204422525453946111e-02
1.204422525453946111e-02
1.204422525453946111e-02
1.407071062823021974e-02
1.476196988786819715e-02
1.576312802890716264e-02
1.685375828793591810e-02
1.792358918447093871e-02
1.792358918447093871e-02
1.792358918447093871e-02
2.047133679361907987e-02
2.118316302063912721e-02
2.235362100052370321e-02
2.353046984597897615e-02
2.462377264879184180e-02
2.462377264879184180e-02
2.462377264879184180e-02
2.663503614266875263e-02
2.732989752653748952e-02
2.829085131325896618e-02
2.909540318983206211e-02
2.987845851857644577e-02
2.987845851857644577e-02
2.987845851857644577e-02
3.137031893788926745e-02
3.190017979247813940e-02
3.261061164882821106e-02
3.319241281087349088e-02
3.376712592201307900e-02
3.376712592201307900e-02
3.376712592201307900e-02
3.490016828892011230e-02
3.539296212319892332e-02
3.595954140543035360e-02
3.648347618467184805e-02
3.698452004541465110e-02
3.698452004541465110e-02
3.698452004541465110e-02
3.800496698072154678e-02
3.844675008799059573e-02
3.900287159019724670e-02
3.952053170142387495e-02
4.002970939107484277e-02
4.002970939107484277e-02
4.002970939107484277e-02
4.116949121622006519e-02
4.166472519917132494e-02
4.225570596812724261e-02
4.284145784707076715e-02
4.343824849381823505e-02
4.343824849381823505e-02
4.343824849381823505e-02
4.468458347766038341e-02
4.518086323861412318e-02
4.583447449016288949e-02
4.642220172755553986e-02
4.694253438256627831e-02
4.694253438256627831e-02
4.694253438256627831e-02
4.810474233598686228e-02
4.860148688716392495e-02
4.918630918566080368e-02
4.975544481412050996e-02
4.975544481412050996e-02
4.975544481412050996e-02
4.975544481412050996e-02
5.092752955978672308e-02
5.141521070160897516e-02
5.204546624443573410e-02
5.255568971208918194e-02
5.255568971208918194e-02
5.255568971208918194e-02
5.255568971208918194e-02
5.367873908919475190e-02
5.414585326363494100e-02
5.470453111206986796e-02
5.516641639649766393e-02
5.554045632871730531e-02
5.554045632871730531e-02
5.554045632871730531e-02
5.629841298540221722e-02
5.662969221707608858e-02
5.697840108212459675e-02
5.726587383525022501e-02
5.754428317902104267e-02
5.754428317902104267e-02
5.754428317902104267e-02
5.809076028409372594e-02
5.835336676027154390e-02
5.867023749502238428e-02
5.892645310562950184e-02
5.917697503600091030e-02
5.917697503600091030e-02
5.917697503600091030e-02
5.967894847719035917e-02
5.989786467237576129e-02
6.015605564143200468e-02
6.035347528878869106e-02
6.057610980576067644e-02
6.057610980576067644e-02
6.057610980576067644e-02
6.101475557902229924e-02
6.120450618769414375e-02
6.141319699796642800e-02
6.161828568400794931e-02
6.180234261244408472e-02
6.180234261244408472e-02
6.180234261244408472e-02
6.218347059556941087e-02
6.234184786416691743e-02
6.252799634860800593e-02
6.268556023431469393e-02
6.283115577177079969e-02
6.283115577177079969e-02
6.283115577177079969e-02
6.311932571023141925e-02
6.324423808274962089e-02
6.338983362020572665e-02
6.353147844076359463e-02
6.365011614526693007e-02
6.365011614526693007e-02
6.365011614526693007e-02
6.393468395949677974e-02
6.406610339514152985e-02
6.422215671262240799e-02
6.435799165538871880e-02
6.448174205234862011e-02
6.448174205234862011e-02
6.448174205234862011e-02
6.477920779527571171e-02
6.491051103336462069e-02
6.505262064414579770e-02
6.519473025492697471e-02
6.533672366815232446e-02
6.533672366815232446e-02
6.533672366815232446e-02
6.565556976135229761e-02
6.581568999328726854e-02
6.598894054903112205e-02
6.615266290519684900e-02
6.630755424711942680e-02
6.630755424711942680e-02
6.630755424711942680e-02
6.667590049910336603e-02
6.684299258438818059e-02
6.705888764312198380e-02
6.726223336582604073e-02
6.746534669341844315e-02
6.746534669341844315e-02
6.746534669341844315e-02
6.788865438931038221e-02
6.810292268226254830e-02
6.833787414015260464e-02
6.857561433938261231e-02
6.881416792150343853e-02
6.881416792150343853e-02
6.881416792150343853e-02
6.934553934431811340e-02
6.956898724418091040e-02
6.984913955128919938e-02
7.007781634116438951e-02
7.033926084178389326e-02
7.033926084178389326e-02
7.033926084178389326e-02
7.033926084178389326e-02
7.091234718714185814e-02
7.117971776310874632e-02
7.146428557733859599e-02
7.175698722047661737e-02
7.175698722047661737e-02
7.175698722047661737e-02
7.240571817468048621e-02
7.266611689729751689e-02
7.296834674001366483e-02
7.322700249929323113e-02
7.348321810990034175e-02
7.348321810990034175e-02
7.348321810990034175e-02
7.405316712125087353e-02
7.430194608828481762e-02
7.461405272324658777e-02
7.487724018720355590e-02
7.512276562267423963e-02
7.512276562267423963e-02
7.512276562267423963e-02
7.574012323680376357e-02
7.598820501850271636e-02
7.623454383686420477e-02
7.647460798721082698e-02
7.668736571193719709e-02
7.668736571193719709e-02
7.668736571193719709e-02
7.714959958903248871e-02
7.733935019770432628e-02
7.754792481042077634e-02
7.774395008710749400e-02
7.792359150842205484e-02
7.792359150842205484e-02
7.792359150842205484e-02
7.835154710654723687e-02
7.851131874581471215e-02
7.869014678423845444e-02
7.869014678423845444e-02
7.895740116264950148e-02
7.895740116264950148e-02
7.895740116264950148e-02
7.926532468560136546e-02
7.940940965483167524e-02
7.958998065659288190e-02
7.972918532847829420e-02
7.972918532847829420e-02
7.986873859303118828e-02
7.986873859303118828e-02
7.986873859303118828e-02
8.019060582268276727e-02
8.030633858829032412e-02
8.042160656367457194e-02
8.052757873459234772e-02
8.052757873459234772e-02
8.052757873459234772e-02
8.072708993795399413e-02
8.081493529016214872e-02
8.089824893769290148e-02
8.096657310052146617e-02
8.102362610043442603e-02
8.102362610043442603e-02
8.102362610043442603e-02
8.114877086806429607e-02
8.119861961951575779e-02
8.119861961951575779e-02
8.130308122220772371e-02
8.134421515697186356e-02
8.134421515697186356e-02
8.134421515697186356e-02
8.142369428516019192e-02
8.145193029122708983e-02
8.148469800197140345e-02
8.150724032780259920e-02
8.152734250496133928e-02
8.152734250496133928e-02
8.152734250496133928e-02
8.156998700795128898e-02
8.158509269020930432e-02
8.160298711380725711e-02
8.161693082050695824e-02
8.162959635409253178e-02
8.162959635409253178e-02
8.162959635409253178e-02
8.165736756993610679e-02
8.167235705463829487e-02
8.168734653934048295e-02
8.170733251894339577e-02
8.172569173276467147e-02
8.172569173276467147e-02
8.172569173276467147e-02
8.177786443533274774e-02
8.180970256563041554e-02
8.184398084460052514e-02
8.187512178956320164e-02
8.191265360009658547e-02
8.191265360009658547e-02
8.191265360009658547e-02
8.200816799098957499e-02
8.206429141045590292e-02
8.212552752237878284e-02
8.219315449987235622e-02
8.219315449987235622e-02
8.226508078693167691e-02
8.226508078693167691e-02
8.244634897402787488e-02
8.252850064600031343e-02
8.261832135665758692e-02
8.271836745222799214e-02
8.281027971889022565e-02
8.281027971889022565e-02
8.281027971889022565e-02
8.301316065137095968e-02
8.311227716649471908e-02
8.320186548204033805e-02
8.329796086071247774e-02
8.339091890537719820e-02
8.339091890537719820e-02
8.339091890537719820e-02
8.362552177059975889e-02
8.374857498222468277e-02
8.386860705739798694e-02
8.398770955212465916e-02
8.412331209977930158e-02
8.412331209977930158e-02
8.412331209977930158e-02
8.448875341286746221e-02
8.471080694206029049e-02
8.495761055064511569e-02
8.520476275189742266e-02
8.544877761914229652e-02
8.544877761914229652e-02
8.544877761914229652e-02
8.609704378312284245e-02
8.646329847910180777e-02