population: 83.614.362 (Wikipedia)
country: Turkey
time: 1/22/20 - 8/17/21
source: https://github.com/CSSEGISandData/COVID-19/blob/master/csse_covid_19_data/csse_covid_19_time_series/time_series_covid19_confirmed_global.csv
0.000000000000000000e+00
0.000000000000000000e+00
0.000000000000000000e+00
0.000000000000000000e+00
0.000000000000000000e+00
0.000000000000000000e+00
0.000000000000000000e+00
0.000000000000000000e+00
0.000000000000000000e+00
0.000000000000000000e+00
0.000000000000000000e+00
0.000000000000000000e+00
0.000000000000000000e+00
0.000000000000000000e+00
0.000000000000000000e+00
0.000000000000000000e+00
0.000000000000000000e+00
0.000000000000000000e+00
0.000000000000000000e+00
0.000000000000000000e+00
0.000000000000000000e+00
0.000000000000000000e+00
0.000000000000000000e+00
0.000000000000000000e+00
0.000000000000000000e+00
0.000000000000000000e+00
0.000000000000000000e+00
0.000000000000000000e+00
0.000000000000000000e+00
0.000000000000000000e+00
0.000000000000000000e+00
0.000000000000000000e+00
0.000000000000000000e+00
0.000000000000000000e+00
0.000000000000000000e+00
0.000000000000000000e+00
0.000000000000000000e+00
0.000000000000000000e+00
0.000000000000000000e+00
0.000000000000000000e+00
0.000000000000000000e+00
0.000000000000000000e+00
0.000000000000000000e+00
0.000000000000000000e+00
0.000000000000000000e+00
0.000000000000000000e+00
0.000000000000000000e+00
0.000000000000000000e+00
0.000000000000000000e+00
1.195966788576345328e-08
1.195966788576345328e-08
5.979833942881726144e-08
5.979833942881726144e-08
7.175800731458071638e-08
2.152740219437421624e-07
5.621043906308822364e-07
1.172047452804818451e-06
2.296256234066582924e-06
4.293520770989079753e-06
8.012977483461513457e-06
1.478214950680362855e-05
1.828633219733231935e-05
2.238849828214918404e-05
2.909787196606248124e-05
4.340163475743557170e-05
6.814618761308014936e-05
8.852546169042107985e-05
1.102322589030817510e-04
1.294873241991609139e-04
1.618262661622652746e-04
1.875156327808851680e-04
2.168885771083202125e-04
2.502082118380572146e-04
2.862426911778624770e-04
3.237362499997309103e-04
3.613852845041142610e-04
4.079323119155056415e-04
4.571702646011937274e-04
5.056786775458503363e-04
5.624512209995693925e-04
6.238999945966221001e-04
6.811748441015432138e-04
7.301257647579730741e-04
7.787059357099441852e-04
8.299052739288974995e-04
8.873236394484478344e-04
9.393840737551761508e-04
9.846274973670193862e-04
1.032191096548700469e-03
1.088090584246758936e-03
1.143236612868014316e-03
1.180108268959822971e-03
1.217374594091861877e-03
1.254712677231215393e-03
1.288929287052384539e-03
1.317118224259128997e-03
1.342604276523690944e-03
1.371211802106437260e-03
1.406325387019038715e-03
1.437599918540310127e-03
1.463767671874360550e-03
1.487483693291829492e-03
1.507456338661054395e-03
1.526759242628676627e-03
1.548669354195395366e-03
1.575614485942020268e-03
1.599258749352174599e-03
1.621360215605065561e-03
1.639849862156455900e-03
1.658291670036303022e-03
1.671614740061043566e-03
1.691994014138384524e-03
1.711595909803150786e-03
1.731149966796374047e-03
1.751577079545258006e-03
1.770832144841337236e-03
1.787192970509061517e-03
1.801042265920775728e-03
1.813265046500025937e-03
1.824889843684988086e-03
1.836383084523206602e-03
1.847768688350453527e-03
1.861952854462968964e-03
1.875598835520624931e-03
1.887403027723873498e-03
1.898740792879577421e-03
1.911119049141342440e-03
1.925255376582314876e-03
1.938901357639971059e-03
1.950657711171676408e-03
1.960691872527832186e-03
1.970582517869358310e-03
1.979982816827568614e-03
1.990351848884525186e-03
2.002168000755659774e-03
2.013290491889419866e-03
2.023791080293119854e-03
2.034722216740707940e-03
2.046550328279727899e-03
2.058426278490291077e-03
2.069453092280964732e-03
2.081257284484213516e-03
2.095549087607700544e-03
2.112998243053029572e-03
2.131679244290592135e-03
2.150719035564727533e-03
2.168263868353142564e-03
2.185354233761898322e-03
2.200949640684934146e-03
2.215468677498251028e-03
2.230394343019683531e-03
2.244650267139513579e-03
2.259145384617058851e-03
2.274310243496207012e-03
2.292154067981766290e-03
2.309591263759209080e-03
2.326286960127735021e-03
2.342695624467002521e-03
2.358912934120097581e-03
2.375345517795136689e-03
2.390809368371428663e-03
2.405065292491258711e-03
2.419249458603774366e-03
2.433266189365889190e-03
2.447067646106059965e-03
2.460797344838916347e-03
2.473785544162855447e-03
2.486379074446564731e-03
2.498829088715644360e-03
2.511075788630666179e-03
2.523071335520086968e-03
2.535222358092022350e-03
2.547325541992414948e-03
2.559380887221264760e-03
2.571244877763942133e-03
2.582570683251760035e-03
2.593729053389177541e-03
2.604803705851394414e-03
2.615782680970525284e-03
2.626833414096970548e-03
2.637967864898616444e-03
2.649066436696604927e-03
2.659854057129563357e-03
2.670773233909265638e-03
2.681979442718225928e-03
2.692994296841013779e-03
2.704080908971116890e-03
2.715071843758133131e-03
2.726589003932123473e-03
2.737855011080512786e-03
2.749420009926045912e-03
2.761164403789865673e-03
2.773076233004086264e-03
2.784880425207334614e-03
2.796780294753669401e-03
2.809732615073951088e-03
2.823821103843380306e-03
2.837610600915665710e-03
2.851782807360295560e-03
2.865799538122409951e-03
2.879935865563382387e-03
2.894203749351098240e-03
2.908352036459956481e-03
2.922847153937501753e-03
2.937713021119505667e-03
2.952375573947451769e-03
2.967396916811970708e-03
2.981652840931800757e-03
2.996399111434947058e-03
3.011504171974666196e-03
3.027087619229816215e-03
3.043974670284514163e-03
3.058362150751087628e-03
3.074017356013552041e-03
3.088572271830525903e-03
3.105830072589682491e-03
3.123793493754099381e-03
3.139496537688106579e-03
3.157328402505780052e-03
3.175471218688483144e-03
3.193996744243530680e-03
3.211720972050232346e-03
3.230700964984938722e-03
3.249501562901358897e-03
3.268589192847037514e-03
3.288226967515460973e-03
3.307505952147311596e-03
3.327514476520194130e-03
3.346386832443928698e-03
3.366754146853384068e-03
3.387815122000213501e-03
3.407823646373095601e-03
3.425906664216370103e-03
3.445891269253480594e-03
3.463938408093097682e-03
3.482200820954658386e-03
3.502723611046628781e-03
3.523557352503628361e-03
3.544737924329315407e-03
3.564447457005053693e-03
3.585628028830740738e-03
3.604021998039044859e-03
3.622188733557519559e-03
3.643034434682405377e-03
3.663270192745117330e-03
3.684402925899261157e-03
3.704985514330660142e-03
3.724898361360456239e-03
3.742969419535844937e-03
3.760514252324259968e-03
3.777401303378957916e-03
3.794467749451942064e-03
3.811103647481039417e-03
3.827930900196308342e-03
3.845176741287579126e-03
3.863140162451996016e-03
3.880230527860751774e-03
3.899401875481630590e-03
3.917472933657019721e-03
3.936381168584411269e-03
3.955696032219919306e-03
3.975178331205827739e-03
3.994899823549452264e-03
4.012863244713868287e-03
4.032166148681490953e-03
4.051684326671057233e-03
4.071668931708167724e-03
4.091916649438765048e-03
4.113587567647768346e-03
4.134194075414938940e-03
4.155900872627599218e-03
4.180131159764156022e-03
4.202782770739792693e-03
4.226857582193834471e-03
4.251996804089708953e-03
4.277889485062386955e-03
4.302897150611518021e-03
4.327019800737103017e-03
4.353307150750011269e-03
4.379726057109662937e-03
4.407293091586347508e-03
4.435027561413432476e-03
4.462797910244175291e-03
4.489264655275370178e-03
4.514451715842787878e-03
4.541982871315815469e-03
4.570004373172158879e-03
4.598599939087019174e-03
4.626238731571018573e-03
4.655372482540738772e-03
4.685068337901089619e-03
4.715158862301669848e-03
4.745966966775396617e-03
4.776212966858492739e-03
4.808420352474853873e-03
4.842397768938307145e-03
4.878814957650457612e-03
4.916081282782496301e-03
4.954627292378312176e-03
4.994285551087503106e-03
5.039959522743234221e-03
5.090369522881726602e-03
5.144690334418864502e-03
5.205720519639915785e-03
5.271881402383958581e-03
5.343842724052597949e-03
5.424127974569727811e-03
5.512402283234547375e-03
5.593895460208139596e-03
6.024539181438710173e-03
6.556816160362498487e-03
6.916838042727635472e-03
7.267029078090675789e-03
7.640397949816324710e-03
8.000503549856662761e-03
8.382292027773888612e-03
8.769558033582794745e-03
9.161069721491147191e-03
9.542535288375458488e-03
9.906133111438439331e-03
1.029048095828321956e-02
1.068751801275479377e-02
1.106678300074812570e-02
2.091228059600574313e-02
2.129625769314606384e-02
2.164471457666566900e-02
2.196665687648253693e-02
2.232086636025519197e-02
2.270479561872397120e-02
2.306021302895308947e-02
2.338928329082987090e-02
2.370513811969288120e-02
2.397058294841740086e-02
2.421355556118457222e-02
2.444202109680631077e-02
2.467231646161457265e-02
2.490732393556982505e-02
2.512381784363791615e-02
2.533362629735786201e-02
2.551443255645483368e-02
2.568431963877210525e-02
2.586607071163205332e-02
2.605509326256654282e-02
2.624276437102994464e-02
2.641474439522722290e-02
2.656068822243719263e-02
2.669439730940002808e-02
2.681252294910771439e-02
2.697631060080324383e-02
2.714965402713950121e-02
2.731505623399960864e-02
2.746061735183723609e-02
2.759790237949791281e-02
2.771196173212444117e-02
2.782124917726454608e-02
2.794347698305705077e-02
2.806078936534850410e-02
2.817505203232908637e-02
2.828223457592130008e-02
2.838166725472353671e-02
2.847196274726105161e-02
2.854893516977382445e-02
2.861904274292017061e-02
2.870058375856530605e-02
2.877754422141019439e-02
2.885275857274375785e-02
2.892412191101810873e-02
2.899415772615714093e-02
2.905726889359031354e-02
2.912474533980179137e-02
2.920969486079436767e-02
2.929926081359085152e-02
2.938631523613132249e-02
2.946898046055771922e-02
2.955115533860080274e-02
2.962963467926718261e-02
2.972195135567739024e-02
2.981517696684691729e-02
2.991207419605737203e-02
3.000666320936587472e-02
3.010115654533129098e-02
3.019560204262516576e-02
3.027537302742320732e-02
3.037228221630155003e-02
3.047556590816300273e-02
3.057892135803176939e-02
3.066969523728471300e-02
3.076253813908189430e-02
3.085469933980958951e-02
3.092988977180738397e-02
3.102490933315977389e-02
3.111946246746461961e-02
3.120706703472783672e-02
3.129366698988864798e-02
3.138239576593312985e-02
3.147636287651157244e-02
3.155465086249178291e-02
3.165157201103800666e-02
3.176048870647365380e-02
3.187483509112944147e-02
3.198931303213196908e-02
3.209940177502042247e-02
3.220934700189424099e-02
3.231009524416391526e-02
3.242838831922199849e-02
3.256995490798578197e-02
3.270773028202977883e-02
3.284313764183239420e-02
3.297830580827729174e-02
3.311907109929272675e-02
3.325286390393076413e-02
3.341091091504112820e-02
3.357541614680980419e-02
3.374950107255497711e-02
3.391748656767840792e-02
3.409617596555960389e-02
3.427655167661268487e-02
3.443654811358842771e-02
3.462195884482142244e-02
3.482227132224006982e-02
3.504845256129562880e-02
3.528823194273730118e-02
3.553974375837491012e-02
3.579162632371696989e-02
3.603593841928734443e-02
3.630163440103746642e-02
3.661476242562252542e-02
3.697070606123861736e-02
3.731431927926448511e-02
3.766211838105037318e-02
3.802115957064888113e-02
3.836868360007339440e-02
3.875622467824367534e-02
3.920235616938630430e-02
3.967239503663258504e-02
4.016042124437904648e-02
4.066641087328992654e-02
4.120167776918515212e-02
4.170395990105144751e-02
4.221285572925857071e-02
4.280586390170626476e-02
4.346053612177295383e-02
4.412957190297044779e-02
4.479681373398507888e-02
4.542680119953555057e-02
4.603289324865027232e-02
4.668543664783329772e-02
4.739329351098798410e-02
4.814432477521026627e-02
4.887864838339614493e-02
4.963308815296587490e-02
5.038183512062198444e-02
5.104920850798335547e-02
5.170877223221532343e-02
5.243864684394769493e-02
5.317975158382479833e-02
5.383503374695366300e-02
5.442629580789003912e-02
5.491181048538049114e-02
5.537289156138033158e-02
5.581913068953393148e-02
5.633699626865537602e-02
5.682069307662719615e-02
5.727126160455544429e-02
5.765266737310032613e-02
5.799730912256437221e-02
5.830802129423651170e-02
5.860381976005509669e-02
5.895061424973858238e-02
5.926725841668205319e-02
5.953501146130852489e-02
5.977548450348756787e-02
5.999138042816137134e-02
6.017305974301400545e-02
6.033575906493193058e-02
6.050913837027184494e-02
6.066496088315545543e-02
6.080290369254984922e-02
6.093917214844023905e-02
6.107637345842571730e-02
6.120209348724086479e-02
6.132377114831061987e-02
6.146653370386297860e-02
6.160470374694720225e-02
6.171694523005509525e-02
6.183089694567064920e-02
6.193491017727313641e-02
6.202866201382963712e-02
6.211863459533423226e-02
6.223075648176326635e-02
6.233526005974906331e-02
6.243603222135450659e-02
6.252899471983054680e-02
6.262055793716395091e-02
6.270347431461595344e-02
6.278112843819821931e-02
6.286618559620175961e-02
6.295206797128942433e-02
6.303102569867123639e-02
6.310480488985852066e-02
6.317806981532669841e-02
6.324248458655942762e-02
6.331002083111032797e-02
6.338906227616733502e-02
6.346624997270206014e-02
6.354288752451403566e-02
6.361776700514679139e-02
6.369043394722069540e-02
6.375037580266414150e-02
6.381766089418944299e-02
6.388888071644917288e-02
6.396328181036650684e-02
6.403389168956405419e-02
6.410056683802717314e-02
6.416610581804116364e-02
6.422699248724758614e-02
6.429030696903481612e-02
6.436377520885706860e-02
6.443324891960545975e-02
6.450145490555797556e-02
6.456878783575481506e-02
6.463176744684125119e-02
6.469016650512743327e-02
6.475334943056791637e-02
6.482326564902810007e-02
6.488899598372825650e-02
6.495223870750817252e-02
6.501073344313743063e-02
6.506499445633515122e-02
6.511783226905444588e-02
6.517377959542404453e-02
6.523715387555070744e-02
6.529886576184125435e-02
6.536070920447853427e-02
6.542852052139080943e-02
6.549465748479908755e-02
6.555757729754609076e-02
6.562220734280074796e-02
6.569737385546277342e-02
6.577997928154974416e-02
6.586733269578735894e-02
6.595006967822106270e-02
6.604175249223333266e-02
6.604175249223333266e-02
6.622529751527614361e-02
6.633030339931314523e-02
6.642778665225000656e-02
6.654243202860293804e-02
6.667511258412758823e-02
6.682318523222123552e-02
6.699337130623564396e-02
6.719440136372743788e-02
6.743073636081801936e-02
6.769732931765956585e-02
6.796236751767596729e-02
6.822647286359728724e-02
6.849355616682215042e-02
6.874339362895574845e-02
6.901724610420396921e-02
6.931422857714324148e-02
6.963501078917519460e-02
6.992559483979558788e-02
7.021211260333481974e-02
7.051230026726748590e-02
7.051230026726748590e-02
7.106722885716690308e-02
7.138532014392455494e-02
7.171248881860750601e-02
7.197872298541248270e-02
7.223432500746701512e-02
7.247290842212011919e-02
7.269831228276309176e-02
7.291553573057221738e-02
7.317496484635019338e-02