time: 30.1.2020 - 16.8.2021
source: https://coronavirus.data.gov.uk/details/cases
country: United Kingdom
2.000000000000000000e+00
2.000000000000000000e+00
2.000000000000000000e+00
2.000000000000000000e+00
2.000000000000000000e+00
2.000000000000000000e+00
3.000000000000000000e+00
3.000000000000000000e+00
3.000000000000000000e+00
7.000000000000000000e+00
8.000000000000000000e+00
8.000000000000000000e+00
9.000000000000000000e+00
9.000000000000000000e+00
9.000000000000000000e+00
9.000000000000000000e+00
9.000000000000000000e+00
9.000000000000000000e+00
9.000000000000000000e+00
9.000000000000000000e+00
9.000000000000000000e+00
9.000000000000000000e+00
1.000000000000000000e+01
1.000000000000000000e+01
1.100000000000000000e+01
1.300000000000000000e+01
1.800000000000000000e+01
2.200000000000000000e+01
3.000000000000000000e+01
4.300000000000000000e+01
4.800000000000000000e+01
7.000000000000000000e+01
1.090000000000000000e+02
1.650000000000000000e+02
2.210000000000000000e+02
2.710000000000000000e+02
3.520000000000000000e+02
4.190000000000000000e+02
4.760000000000000000e+02
6.230000000000000000e+02
8.890000000000000000e+02
1.294000000000000000e+03
1.776000000000000000e+03
2.255000000000000000e+03
2.618000000000000000e+03
3.060000000000000000e+03
3.669000000000000000e+03
4.437000000000000000e+03
5.436000000000000000e+03
6.487000000000000000e+03
7.750000000000000000e+03
8.941000000000000000e+03
1.031500000000000000e+04
1.263500000000000000e+04
1.500700000000000000e+04
1.769700000000000000e+04
2.078000000000000000e+04
2.396400000000000000e+04
2.678000000000000000e+04
2.963400000000000000e+04
3.389300000000000000e+04
3.840600000000000000e+04
4.333900000000000000e+04
4.819900000000000000e+04
5.309600000000000000e+04
5.710300000000000000e+04
6.068700000000000000e+04
6.594700000000000000e+04
7.137600000000000000e+04
7.649400000000000000e+04
8.134700000000000000e+04
8.565400000000000000e+04
8.920800000000000000e+04
9.268600000000000000e+04
9.685500000000000000e+04
1.011520000000000000e+05
1.061880000000000000e+05
1.114640000000000000e+05
1.163980000000000000e+05
1.211020000000000000e+05
1.249530000000000000e+05
1.293690000000000000e+05
1.341330000000000000e+05
1.396230000000000000e+05
1.447670000000000000e+05
1.497110000000000000e+05
1.534530000000000000e+05
1.569240000000000000e+05
1.616290000000000000e+05
1.663420000000000000e+05
1.717680000000000000e+05
1.767270000000000000e+05
1.814590000000000000e+05
1.846900000000000000e+05
1.876770000000000000e+05
1.910680000000000000e+05
1.947370000000000000e+05
1.985540000000000000e+05
2.023280000000000000e+05
2.053910000000000000e+05
2.075550000000000000e+05
2.098780000000000000e+05
2.134560000000000000e+05
2.168460000000000000e+05
2.201530000000000000e+05
2.227800000000000000e+05
2.253040000000000000e+05
2.273800000000000000e+05
2.292130000000000000e+05
2.317870000000000000e+05
2.348380000000000000e+05
2.375430000000000000e+05
2.401090000000000000e+05
2.421620000000000000e+05
2.436880000000000000e+05
2.450530000000000000e+05
2.466680000000000000e+05
2.487240000000000000e+05
2.505490000000000000e+05
2.523050000000000000e+05
2.538320000000000000e+05
2.549500000000000000e+05
2.560310000000000000e+05
2.574710000000000000e+05
2.589580000000000000e+05
2.603180000000000000e+05
2.615700000000000000e+05
2.626950000000000000e+05
2.635030000000000000e+05
2.642240000000000000e+05
2.653200000000000000e+05
2.664740000000000000e+05
2.676640000000000000e+05
2.686750000000000000e+05
2.697320000000000000e+05
2.706240000000000000e+05
2.714430000000000000e+05
2.724850000000000000e+05
2.735880000000000000e+05
2.746000000000000000e+05
2.756260000000000000e+05
2.766200000000000000e+05
2.773060000000000000e+05
2.779430000000000000e+05
2.788370000000000000e+05
2.797280000000000000e+05
2.805030000000000000e+05
2.812220000000000000e+05
2.818910000000000000e+05
2.825430000000000000e+05
2.829890000000000000e+05
2.837180000000000000e+05
2.843350000000000000e+05
2.849920000000000000e+05
2.855990000000000000e+05
2.861720000000000000e+05
2.865720000000000000e+05
2.871290000000000000e+05
2.878340000000000000e+05
2.884370000000000000e+05
2.891390000000000000e+05
2.898560000000000000e+05
2.904210000000000000e+05
2.908680000000000000e+05
2.912370000000000000e+05
2.919720000000000000e+05
2.926620000000000000e+05
2.934350000000000000e+05
2.941410000000000000e+05
2.947220000000000000e+05
2.952190000000000000e+05
2.956620000000000000e+05
2.964740000000000000e+05
2.972550000000000000e+05
2.980510000000000000e+05
2.988470000000000000e+05
2.996190000000000000e+05
3.001430000000000000e+05
3.007010000000000000e+05
3.015580000000000000e+05
3.023990000000000000e+05
3.034370000000000000e+05
3.043620000000000000e+05
3.050380000000000000e+05
3.055810000000000000e+05
3.061350000000000000e+05
3.071730000000000000e+05
3.081910000000000000e+05
3.092480000000000000e+05
3.103290000000000000e+05
3.112720000000000000e+05
3.119680000000000000e+05
3.125820000000000000e+05
3.140520000000000000e+05
3.153920000000000000e+05
3.165980000000000000e+05
3.177380000000000000e+05
3.189000000000000000e+05
3.195930000000000000e+05
3.201900000000000000e+05
3.214680000000000000e+05
3.225500000000000000e+05
3.237910000000000000e+05
3.252510000000000000e+05
3.264480000000000000e+05
3.272710000000000000e+05
3.280930000000000000e+05
3.293680000000000000e+05
3.306140000000000000e+05
3.319640000000000000e+05
3.335150000000000000e+05
3.351370000000000000e+05
3.363600000000000000e+05
3.375200000000000000e+05
3.390210000000000000e+05
3.412690000000000000e+05
3.442600000000000000e+05
3.473540000000000000e+05
3.503910000000000000e+05
3.529340000000000000e+05
3.553760000000000000e+05
3.592360000000000000e+05
3.625360000000000000e+05
3.658650000000000000e+05
3.694430000000000000e+05
3.727280000000000000e+05
3.753840000000000000e+05
3.775130000000000000e+05
3.808960000000000000e+05
3.844340000000000000e+05
3.887800000000000000e+05
3.933990000000000000e+05
3.983550000000000000e+05
4.032030000000000000e+05
4.085150000000000000e+05
4.141140000000000000e+05
4.205120000000000000e+05
4.275640000000000000e+05
4.351630000000000000e+05
4.424020000000000000e+05
4.491510000000000000e+05
4.561190000000000000e+05
4.660400000000000000e+05
4.762670000000000000e+05
4.888200000000000000e+05
5.020040000000000000e+05
5.156890000000000000e+05
5.272190000000000000e+05
5.390200000000000000e+05
5.555650000000000000e+05
5.726170000000000000e+05
5.909310000000000000e+05
6.091610000000000000e+05
6.248760000000000000e+05
6.373770000000000000e+05
6.494410000000000000e+05
6.688690000000000000e+05
6.877490000000000000e+05
7.074410000000000000e+05
7.258660000000000000e+05
7.435770000000000000e+05
7.583300000000000000e+05
7.725240000000000000e+05
7.981240000000000000e+05
8.234420000000000000e+05
8.488770000000000000e+05
8.721070000000000000e+05
8.935650000000000000e+05
9.097920000000000000e+05
9.255130000000000000e+05
9.520580000000000000e+05
9.761410000000000000e+05
9.997450000000000000e+05
1.023087000000000000e+06
1.045744000000000000e+06
1.062222000000000000e+06
1.077972000000000000e+06
1.109479000000000000e+06
1.135057000000000000e+06
1.158725000000000000e+06
1.182469000000000000e+06
1.205789000000000000e+06
1.224304000000000000e+06
1.244257000000000000e+06
1.275297000000000000e+06
1.302708000000000000e+06
1.330067000000000000e+06
1.354525000000000000e+06
1.378560000000000000e+06
1.396544000000000000e+06
1.412567000000000000e+06
1.439140000000000000e+06
1.462298000000000000e+06
1.483043000000000000e+06
1.500795000000000000e+06
1.517640000000000000e+06
1.529991000000000000e+06
1.541724000000000000e+06
1.560494000000000000e+06
1.576944000000000000e+06
1.593555000000000000e+06
1.608123000000000000e+06
1.622490000000000000e+06
1.633454000000000000e+06
1.644134000000000000e+06
1.662144000000000000e+06
1.678596000000000000e+06
1.695064000000000000e+06
1.710692000000000000e+06
1.726353000000000000e+06
1.739085000000000000e+06
1.752665000000000000e+06
1.773984000000000000e+06
1.794769000000000000e+06
1.816371000000000000e+06
1.838973000000000000e+06
1.863031000000000000e+06
1.882389000000000000e+06
1.904374000000000000e+06
1.939077000000000000e+06
1.972920000000000000e+06
2.007824000000000000e+06
2.041707000000000000e+06
2.077525000000000000e+06
2.102662000000000000e+06
2.135103000000000000e+06
2.182460000000000000e+06
2.228111000000000000e+06
2.270286000000000000e+06
2.302094000000000000e+06
2.316267000000000000e+06
2.356629000000000000e+06
2.404328000000000000e+06
2.449904000000000000e+06
2.531404000000000000e+06
2.602164000000000000e+06
2.654946000000000000e+06
2.686777000000000000e+06
2.747188000000000000e+06
2.802352000000000000e+06
2.878496000000000000e+06
2.943575000000000000e+06
3.000948000000000000e+06
3.052887000000000000e+06
3.099869000000000000e+06
3.138950000000000000e+06
3.175287000000000000e+06
3.232370000000000000e+06
3.281723000000000000e+06
3.327108000000000000e+06
3.369471000000000000e+06
3.409851000000000000e+06
3.440376000000000000e+06
3.469215000000000000e+06
3.513974000000000000e+06
3.553432000000000000e+06
3.588504000000000000e+06
3.620156000000000000e+06
3.649672000000000000e+06
3.671493000000000000e+06
3.688647000000000000e+06
3.718542000000000000e+06
3.745510000000000000e+06
3.771174000000000000e+06
3.795304000000000000e+06
3.817065000000000000e+06
3.833727000000000000e+06
3.849096000000000000e+06
3.871428000000000000e+06
3.891177000000000000e+06
3.910568000000000000e+06
3.928519000000000000e+06
3.944354000000000000e+06
3.956306000000000000e+06
3.967678000000000000e+06
3.983374000000000000e+06
3.997166000000000000e+06
4.010643000000000000e+06
4.023376000000000000e+06
4.035526000000000000e+06
4.044283000000000000e+06
4.053035000000000000e+06
4.067300000000000000e+06
4.079783000000000000e+06
4.091337000000000000e+06
4.102742000000000000e+06
4.113122000000000000e+06
4.121174000000000000e+06
4.129041000000000000e+06
4.140281000000000000e+06
4.149658000000000000e+06
4.158192000000000000e+06
4.165902000000000000e+06
4.172462000000000000e+06
4.177276000000000000e+06
4.181987000000000000e+06
4.188861000000000000e+06
4.195513000000000000e+06
4.201480000000000000e+06
4.207198000000000000e+06
4.212497000000000000e+06
4.216994000000000000e+06
4.221279000000000000e+06
4.227917000000000000e+06
4.234136000000000000e+06
4.240171000000000000e+06
4.245939000000000000e+06
4.251523000000000000e+06
4.255764000000000000e+06
4.260062000000000000e+06
4.266562000000000000e+06
4.272233000000000000e+06
4.278004000000000000e+06
4.283474000000000000e+06
4.288468000000000000e+06
4.292567000000000000e+06
4.297797000000000000e+06
4.303997000000000000e+06
4.309249000000000000e+06
4.315255000000000000e+06
4.320654000000000000e+06
4.325040000000000000e+06
4.328573000000000000e+06
4.333225000000000000e+06
4.337198000000000000e+06
4.340793000000000000e+06
4.344557000000000000e+06
4.348029000000000000e+06
4.350656000000000000e+06
4.353060000000000000e+06
4.355354000000000000e+06
4.357970000000000000e+06
4.361086000000000000e+06
4.364170000000000000e+06
4.367152000000000000e+06
4.369933000000000000e+06
4.372191000000000000e+06
4.374446000000000000e+06
4.377159000000000000e+06
4.379492000000000000e+06
4.381887000000000000e+06
4.384075000000000000e+06
4.386427000000000000e+06
4.388063000000000000e+06
4.390502000000000000e+06
4.393103000000000000e+06
4.395468000000000000e+06
4.398008000000000000e+06
4.400257000000000000e+06
4.402147000000000000e+06
4.403613000000000000e+06
4.405606000000000000e+06
4.408047000000000000e+06
4.410105000000000000e+06
4.412466000000000000e+06
4.414552000000000000e+06
4.416255000000000000e+06
4.417609000000000000e+06
4.419034000000000000e+06
4.421008000000000000e+06
4.423405000000000000e+06
4.425799000000000000e+06
4.427962000000000000e+06
4.429843000000000000e+06
4.431355000000000000e+06
4.433524000000000000e+06
4.436175000000000000e+06
4.438372000000000000e+06
4.440602000000000000e+06
4.442694000000000000e+06
4.444544000000000000e+06
4.446125000000000000e+06
4.447979000000000000e+06
4.450743000000000000e+06
4.453451000000000000e+06
4.456162000000000000e+06
4.458586000000000000e+06
4.460878000000000000e+06
4.462803000000000000e+06
4.465044000000000000e+06
4.468280000000000000e+06
4.471582000000000000e+06
4.475381000000000000e+06
4.479018000000000000e+06
4.482510000000000000e+06
4.485442000000000000e+06
4.488536000000000000e+06
4.492318000000000000e+06
4.497553000000000000e+06
4.503602000000000000e+06
4.509699000000000000e+06
4.515404000000000000e+06
4.520024000000000000e+06
4.525430000000000000e+06
4.533169000000000000e+06
4.540844000000000000e+06
4.548835000000000000e+06
4.556675000000000000e+06
4.564117000000000000e+06
4.570231000000000000e+06
4.577185000000000000e+06
4.587286000000000000e+06
4.597779000000000000e+06
4.608555000000000000e+06
4.619326000000000000e+06
4.629384000000000000e+06
4.637637000000000000e+06
4.647510000000000000e+06
4.663460000000000000e+06
4.680458000000000000e+06
4.698362000000000000e+06
4.716657000000000000e+06
4.734424000000000000e+06
4.750388000000000000e+06
4.768512000000000000e+06
4.796257000000000000e+06
4.823844000000000000e+06
4.852178000000000000e+06
4.880282000000000000e+06
4.906053000000000000e+06
4.929606000000000000e+06
4.954269000000000000e+06
4.988435000000000000e+06
5.023779000000000000e+06
5.061580000000000000e+06
5.094916000000000000e+06
5.127117000000000000e+06
5.154963000000000000e+06
5.184967000000000000e+06
5.228567000000000000e+06
5.275268000000000000e+06
5.329032000000000000e+06
5.389706000000000000e+06
5.443885000000000000e+06
5.481701000000000000e+06
5.517160000000000000e+06
5.563992000000000000e+06
5.603016000000000000e+06
5.637871000000000000e+06
5.668503000000000000e+06
5.695709000000000000e+06
5.718138000000000000e+06
5.739864000000000000e+06
5.769144000000000000e+06
5.798092000000000000e+06
5.827643000000000000e+06
5.855470000000000000e+06
5.879695000000000000e+06
5.899807000000000000e+06
5.920256000000000000e+06
5.949435000000000000e+06
5.979179000000000000e+06
6.010811000000000000e+06
6.041814000000000000e+06
6.069297000000000000e+06
6.091372000000000000e+06
6.113711000000000000e+06
6.145152000000000000e+06
6.175943000000000000e+06
6.208558000000000000e+06
6.239483000000000000e+06
6.267552000000000000e+06
6.290906000000000000e+06
6.312989000000000000e+06
6.322241000000000000e+06
