population: 331.449.281 (Wikipedia)
country: United States
time: 1/22/20 - 8/17/21
source: https://github.com/CSSEGISandData/COVID-19/blob/master/csse_covid_19_data/csse_covid_19_time_series/time_series_covid19_confirmed_global.csv
3.017052856421794473e-09
3.017052856421794473e-09
6.034105712843588946e-09
6.034105712843588946e-09
1.508526428210897237e-08
1.508526428210897237e-08
1.508526428210897237e-08
1.810231713853076684e-08
1.810231713853076684e-08
2.413642285137435578e-08
2.413642285137435578e-08
2.413642285137435578e-08
3.318758142063973920e-08
3.318758142063973920e-08
3.318758142063973920e-08
3.620463427706153368e-08
3.620463427706153368e-08
3.620463427706153368e-08
3.620463427706153368e-08
3.620463427706153368e-08
3.922168713348332815e-08
3.922168713348332815e-08
4.223873998990512262e-08
4.223873998990512262e-08
4.223873998990512262e-08
4.223873998990512262e-08
4.223873998990512262e-08
4.223873998990512262e-08
4.223873998990512262e-08
4.223873998990512262e-08
4.827284570274871157e-08
4.827284570274871157e-08
4.827284570274871157e-08
4.827284570274871157e-08
4.827284570274871157e-08
4.827284570274871157e-08
5.128989855917050604e-08
5.128989855917050604e-08
7.542632141054485521e-08
9.654569140549742314e-08
1.659379071031987026e-07
2.232619113752127778e-07
3.228246556371320152e-07
5.551377255816101301e-07
7.150415269719652306e-07
1.215872301137983232e-06
1.565850432482911365e-06
1.792129396714545851e-06
2.359335333721843344e-06
3.460559626315798267e-06
4.785045830284965968e-06
6.694840288399961625e-06
8.984783406424103557e-06
9.690773774826803662e-06
1.411679031519757616e-05
1.964704820101872444e-05
2.766335764053143333e-05
4.122199317729097564e-05
6.043156871412854304e-05
7.851880058837720441e-05
1.052891105834077883e-04
1.391947505838759050e-04
1.712328348662189392e-04
2.076848674775070625e-04
2.615573632817746064e-04
3.179460811682979890e-04
3.771708287398577945e-04
4.341901106733732862e-04
5.007915524788843610e-04
5.801822813427674926e-04
6.775908498652015921e-04
7.748063270048246480e-04
8.722782536372435721e-04
9.699885274453197035e-04
1.060183322588049287e-03
1.154888611751129536e-03
1.247750481618935866e-03
1.341988127589270651e-03
1.450427041354782672e-03
1.554222710774261782e-03
1.641967658997576813e-03
1.724200451652209290e-03
1.805476838551355826e-03
1.892422267767719180e-03
1.969079546743684062e-03
2.059597166542050800e-03
2.159359036292493768e-03
2.243555930356657107e-03
2.322186361900721585e-03
2.412154878079219699e-03
2.490374990434811048e-03
2.577601005566821420e-03
2.679010186176870693e-03
2.776542453866418306e-03
2.868200519644512319e-03
2.948116215705412924e-03
3.019665624195455676e-03
3.093809698142021506e-03
3.173637899670085378e-03
3.261750928341884161e-03
3.367067192400999710e-03
3.449577553918422960e-03
3.522955296439457540e-03
3.595569724587817113e-03
3.669571997050130770e-03
3.743697968679557831e-03
3.826452711478351212e-03
3.907400239616148213e-03
3.983357562329423347e-03
4.040093241294434763e-03
4.098316327317662842e-03
4.167488298156845142e-03
4.229135739172111726e-03
4.310044045622775377e-03
4.384664813920655622e-03
4.457481384610395732e-03
4.512958952534278957e-03
4.580507748936707077e-03
4.643802500811579533e-03
4.712365026973764845e-03
4.790111462030898458e-03
4.861461745032416917e-03
4.925118543250060418e-03
4.985691913448440579e-03
5.041996153854984286e-03
5.101320464170806292e-03
5.157289811710287324e-03
5.224630431465621117e-03
5.298481851285114300e-03
5.369780844388073564e-03
5.427053558761528625e-03
5.479592517203257795e-03
5.544465187722039459e-03
5.604374806292006760e-03
5.669718137056390349e-03
5.746360330768073357e-03
5.810146862258542752e-03
5.864236585868472761e-03
5.917384988987198918e-03
5.972847471646800487e-03
6.036540474498721526e-03
6.106433520970588370e-03
6.181340909289828774e-03
6.257406845905934788e-03
6.314552844059420633e-03
6.374371951043695389e-03
6.445776540996629722e-03
6.527454195925680436e-03
6.613551833289389378e-03
6.708721748592358196e-03
6.806112214797654068e-03
6.881991094136662504e-03
6.978971241153483947e-03
7.090819424646753466e-03
7.199065247029454336e-03
7.320730920517519967e-03
7.459512334860065631e-03
7.584207129415978729e-03
7.707103760469464181e-03
7.831705026386828056e-03
7.971756619981926889e-03
8.128100299001704554e-03
8.298974104578010075e-03
8.453902785808124418e-03
8.591760981976606301e-03
8.744867363281443040e-03
8.874920443710359805e-03
9.057937887033762694e-03
9.239320087708984691e-03
9.427913044711055610e-03
9.633244610960552123e-03
9.814319072244418948e-03
9.990587368328007409e-03
1.016838229315694328e-02
1.037369575708930319e-02
1.057912688608306229e-02
1.080801861808835911e-02
1.102595844822484329e-02
1.121463286565403672e-02
1.139703181314187172e-02
1.158441191489566029e-02
1.177889415907346603e-02
1.199183473262686005e-02
1.219833691538465062e-02
1.241954421376463905e-02
1.261551084794780390e-02
1.278089361732542145e-02
1.295221092967161966e-02
1.315257944397230441e-02
1.336942408392190716e-02
1.357297257193326029e-02
1.378028030780371546e-02
1.394984169538747605e-02
1.408732275994890523e-02
1.422460168196895344e-02
1.440192594655228739e-02
1.456625274743015598e-02
1.474531181740593340e-02
1.492423210295031576e-02
1.508755724227985213e-02
1.522564473446542249e-02
1.536927455274823828e-02
1.551410214101505390e-02
1.568317778308893004e-02
1.583800086746907018e-02
1.603512303289624658e-02
1.617677668155810544e-02
1.629508135816411588e-02
1.640566237945768890e-02
1.654152932074092960e-02
1.668429626190680998e-02
1.681717028675648248e-02
1.696453219942269108e-02
1.709445856363164123e-02
1.719778357280551603e-02
1.730785169511349711e-02
1.742960184608154106e-02
1.756588815771182796e-02
1.770284123802338266e-02
1.784413585739532890e-02
1.797312693521878682e-02
1.807692562169111936e-02
1.818361464479990863e-02
1.830986623862973506e-02
1.843361971269444344e-02
1.856712731864396462e-02
1.871913247565620830e-02
1.884934244283366020e-02
1.894352879890543601e-02
1.901477046800412185e-02
1.909691274907306113e-02
1.919964038178136739e-02
1.930842323957251278e-02
1.945254483747092464e-02
1.957654872692271564e-02
1.968025086770364834e-02
1.978410687818025343e-02
1.990325632958606442e-02
2.002101190257220623e-02
2.015717149798252131e-02
2.030585789685269982e-02
2.043318356149941353e-02
2.054918019267026191e-02
2.070569886075571131e-02
2.082597668992982459e-02
2.094384992797736558e-02
2.108596216867340140e-02
2.123167073637429250e-02
2.136645153862922267e-02
2.147967549822502042e-02
2.158012525602672968e-02
2.171087829271833511e-02
2.182987990853418186e-02
2.196760837142983439e-02
2.213339542589021214e-02
2.227995480249661542e-02
2.238777823747941861e-02
2.250657771075388267e-02
2.264321701756836711e-02
2.279725566820584026e-02
2.297405194853930147e-02
2.314416545679578649e-02
2.330996156241473341e-02
2.344868866980586233e-02
2.357472303583002873e-02
2.373230672357379625e-02
2.391266010922497506e-02
2.410840649854962409e-02
2.431702665241261899e-02
2.448827155549026385e-02
2.463721440385324007e-02
2.484152017213155442e-02
2.502844469890402185e-02
2.521942716176837906e-02
2.544965846524192485e-02
2.569685465692713236e-02
2.594656707069459625e-02
2.613423982657545747e-02
2.633731765434120867e-02
2.656914196172294532e-02
2.680877440189710290e-02
2.708338353583576025e-02
2.738286827057561171e-02
2.765366083265089273e-02
2.797014967728954013e-02
2.822723576823809796e-02
2.861099885746923657e-02
2.892640458013242752e-02
2.931671165700914725e-02
2.970299398537539631e-02
3.008769839509773877e-02
3.043517237257183788e-02
3.079852811628214226e-02
3.122243611082082745e-02
3.166518861750072800e-02
3.216224807559621424e-02
3.270651837678899970e-02
3.321315999475648456e-02
3.362455325404672957e-02
3.411519845776946752e-02
3.460986841000267267e-02
3.513257583443060716e-02
3.571037162696394374e-02
3.630875277113664729e-02
3.685012066748154930e-02
3.729346753357416083e-02
3.781870324829577495e-02
3.834832877492348746e-02
3.890166531994981164e-02
3.924116220967153318e-02
3.986850706126588567e-02
4.033814452594935290e-02
4.076152151918531474e-02
4.124521845017971311e-02
4.181344716810533879e-02
4.242558909035618053e-02
4.309966205659079147e-02
4.380156130132018683e-02
4.445267449531743048e-02
4.499952437670244609e-02
4.558606660546655337e-02
4.626325015319614209e-02
4.693499093757273755e-02
4.763322144602872427e-02
4.835758264927417227e-02
4.901468771024427434e-02
4.958180615271873259e-02
5.016806176146147711e-02
5.079860167203077703e-02
5.154273965675007507e-02
5.226653063700566898e-02
5.302632109194407861e-02
5.360590297976841612e-02
5.417315417256856475e-02
5.477265162629814388e-02
5.537035091652529190e-02
5.606313866162829229e-02
5.664891455896686745e-02
5.694422369255343341e-02
5.762733273209302842e-02
5.809752533450208284e-02
5.862295112355365295e-02
5.922759265240343240e-02
5.993268092200206010e-02
6.064349857497503687e-02
6.110787128242405053e-02
6.201438101777025785e-02
6.264450155799251851e-02
6.319965436883841214e-02
6.390878850631749597e-02
6.468005884737459965e-02
6.551981628827246995e-02
6.641062226350100128e-02
6.719797349628282845e-02
6.784185783163608485e-02
6.848951046600701420e-02
6.917428190167050628e-02
6.986911219155729491e-02
7.058043067530443693e-02
7.131291076778652205e-02
7.192192702327811216e-02
7.245875425507410095e-02
7.289199701115055274e-02
7.342364999729777963e-02
7.397655812081849191e-02
7.456143191935299397e-02
7.513696492224401779e-02
7.565215385095375167e-02
7.604798515161056982e-02
7.650560267771405742e-02
7.695099812269617923e-02
7.741550659752373387e-02
7.792479718789915855e-02
7.842747741546617080e-02
7.885728374833915477e-02
7.919565226029258442e-02
7.960287896958810616e-02
7.995075421509210967e-02
8.031790239424294042e-02
8.069203505075638050e-02
8.109759332982230395e-02
8.141189782819290011e-02
8.168266625384533464e-02
8.195552248007441365e-02
8.224294202044142577e-02
8.253031630501560245e-02
8.284941188332220485e-02
8.315012154152176538e-02
8.341326587460601294e-02
8.360978161240904816e-02
8.377354422440276560e-02
8.396210399382342260e-02
8.417371706411998222e-02
8.438464224636528510e-02
8.462384023092811569e-02
8.484015085252213928e-02
8.501258145737235206e-02
8.518201612873614603e-02
8.540005853866974861e-02
8.562558022263443147e-02
8.585941388721854417e-02
8.609277990860990382e-02
8.628775996650901725e-02
8.644290285849194622e-02
8.661818759534434253e-02
8.679045527934030335e-02
8.699317407781614886e-02
8.719851469522421628e-02
8.739890432889489691e-02
8.757465972599288995e-02
8.769857913796470783e-02
8.783409610111660160e-02
8.800808048818788143e-02
8.818275276331041801e-02
8.837123107230393515e-02
8.855681904466101984e-02
8.871681637468992188e-02
8.883230312392803585e-02
8.900289030948298208e-02
8.916583530015260994e-02
8.934468619348129304e-02
8.952684075968775357e-02
8.971284508533901303e-02
8.988034884287469939e-02
8.998239160458459951e-02
9.013757673530750636e-02
9.029955626906308042e-02
9.056185281029467682e-02
9.076564266253454860e-02
9.099909316140589177e-02
9.118869079700915592e-02
9.131909687262226849e-02
9.152809717514517884e-02
9.171343171506231295e-02
9.191486524902131583e-02
9.215357145396854688e-02
9.236442422694529641e-02
9.255528600769540037e-02
9.266128412570005801e-02
9.289481608499854104e-02
9.307787275000907468e-02
9.330421507235069079e-02
9.354525949326165934e-02
9.379479993501629864e-02
9.399599813885249622e-02
9.413631825015182641e-02
9.434773822906558638e-02
9.458296577206935785e-02
9.481046060860214009e-02
9.503465177225713101e-02
9.527623021152367699e-02
9.543472203217721883e-02
9.556180331554256502e-02
9.576727970032918036e-02
9.595116605487521988e-02
9.614080291216561824e-02
9.634378419423995921e-02
9.653208148006210687e-02
9.669347872261638277e-02
9.679048602310891258e-02
9.693400119338319021e-02
9.708737609239224964e-02
9.725376655742390408e-02
9.742951290336333836e-02
9.760425758775442828e-02
9.774120463396027136e-02
9.782991503909764519e-02
9.798224905487123992e-02
9.810511249834330538e-02
9.823998682923677783e-02
9.838346881192963633e-02
9.852867956590921628e-02
9.863027882084920983e-02
9.869492521240376404e-02
9.880594672341437568e-02
9.890750675666724889e-02
9.901559569230140856e-02
9.913047299686253422e-02
9.925797365057491273e-02
9.934503674485267721e-02
9.939594951180479032e-02
9.948230058160843770e-02
9.956614146343555072e-02
9.965454412918156590e-02
9.974567722776263301e-02
9.982999178688820030e-02
9.988972339933964439e-02
9.992854683549608208e-02
1.000064320549846064e-01
1.000750368198867757e-01
1.001473736791723551e-01
1.002301857459754197e-01
1.002961355043639341e-01
1.003323431556938511e-01
1.003526599896290006e-01
1.003700834698748323e-01
1.004392946624011601e-01
1.004903341455732346e-01
1.005478995140737658e-01
1.005987368547044819e-01
1.006406919917258724e-01
1.006569689918862670e-01
1.007037212429493789e-01
1.007429821517700080e-01
1.007992411363836938e-01
1.008431241701803482e-01
1.009176423586811144e-01
1.009424666695837580e-01
1.009568791310788832e-01
1.009952862139411323e-01
1.010293939964829746e-01
1.010668808782240191e-01
1.010982371085608067e-01
1.011603612439273964e-01
1.011860665342641102e-01
1.011978089039813067e-01
1.012350212339124117e-01
1.012680277921616662e-01
1.013055478614841159e-01
1.013442566496320085e-01
1.014158060581220600e-01
1.014378395951325007e-01
1.014496664423296807e-01
1.014951726505630841e-01
1.015294162004834744e-01
1.015689938998540209e-01
1.016126295353164399e-01
1.017028152793006124e-01
1.017171130927871925e-01
1.017282671371973757e-01
1.017449454053876851e-01
1.018180304937816444e-01
1.018872145328322543e-01
1.019477396301849276e-01
1.020932852770315702e-01
1.021205534007479099e-01
1.021391505145548967e-01
1.022447865862167876e-01
1.023245091908948773e-01
1.024205872391076300e-01
1.025063077448642862e-01
1.027455902069071003e-01
1.027846912119263212e-01
1.028210406647405012e-01
1.029782623061414881e-01
1.031070995142692737e-01
1.032640828084946116e-01
1.034355781269593461e-01
1.037950841112248446e-01
1.038789642147390918e-01
1.039188285341309942e-01
1.041884263432751312e-01
1.044018526623384097e-01
1.046093384043273872e-01
1.048451814261138759e-01
1.054323240483964058e-01
1.055313075185098926e-01
1.056071592443731944e-01
1.059932696007266362e-01
1.063147577019483703e-01
1.065944807404786560e-01
1.069258255533823282e-01
1.076951167077656174e-01
1.078281144317824042e-01
1.079012296907049251e-01
1.084575832885876778e-01
1.087798467723935097e-01
1.091876829263660337e-01
1.095393053515177212e-01
1.104167850042794274e-01
1.105456342806186432e-01
1.106617365086394605e-01
1.112959180020064720e-01
1.116848221493049464e-01