population: 96.500.000 (Wikipedia)
country: Vietnam
time: 1/22/20 - 8/17/21
source: https://github.com/CSSEGISandData/COVID-19/blob/master/csse_covid_19_data/csse_covid_19_time_series/time_series_covid19_confirmed_global.csv
0.000000000000000000e+00
2.072538860103626880e-08
2.072538860103626880e-08
2.072538860103626880e-08
2.072538860103626880e-08
2.072538860103626880e-08
2.072538860103626880e-08
2.072538860103626880e-08
2.072538860103626880e-08
2.072538860103626880e-08
6.217616580310881302e-08
6.217616580310881302e-08
8.290155440414507520e-08
8.290155440414507520e-08
8.290155440414507520e-08
1.036269430051813506e-07
1.036269430051813506e-07
1.347150259067357571e-07
1.347150259067357571e-07
1.450777202072538882e-07
1.554404145077720193e-07
1.554404145077720193e-07
1.658031088082901504e-07
1.658031088082901504e-07
1.658031088082901504e-07
1.658031088082901504e-07
1.658031088082901504e-07
1.658031088082901504e-07
1.658031088082901504e-07
1.658031088082901504e-07
1.658031088082901504e-07
1.658031088082901504e-07
1.658031088082901504e-07
1.658031088082901504e-07
1.658031088082901504e-07
1.658031088082901504e-07
1.658031088082901504e-07
1.658031088082901504e-07
1.658031088082901504e-07
1.658031088082901504e-07
1.658031088082901504e-07
1.658031088082901504e-07
1.658031088082901504e-07
1.658031088082901504e-07
1.658031088082901504e-07
1.865284974093264126e-07
3.108808290155440386e-07
3.108808290155440386e-07
3.212435233160621962e-07
3.937823834196891403e-07
4.041450777202072449e-07
4.870466321243522937e-07
5.492227979274611331e-07
5.803108808290155529e-07
6.321243523316061819e-07
6.839378238341969167e-07
7.772020725388600701e-07
8.808290155440414340e-07
9.430051813471502734e-07
9.740932642487045873e-07
1.170984455958549210e-06
1.274611398963730468e-06
1.388601036269430043e-06
1.461139896373056987e-06
1.585492227979274666e-06
1.689119170984455924e-06
1.803108808290155498e-06
1.948186528497409175e-06
2.103626943005181379e-06
2.196891191709844533e-06
2.259067357512953160e-06
2.414507772020725365e-06
2.455958549222797783e-06
2.487046632124352309e-06
2.497409326424870625e-06
2.538860103626943044e-06
2.580310880829015462e-06
2.601036269430051672e-06
2.642487046632124514e-06
2.663212435233160723e-06
2.673575129533678616e-06
2.715025906735751458e-06
2.746113989637305560e-06
2.756476683937823876e-06
2.766839378238341769e-06
2.777202072538860085e-06
2.777202072538860085e-06
2.777202072538860085e-06
2.777202072538860085e-06
2.777202072538860085e-06
2.777202072538860085e-06
2.777202072538860085e-06
2.777202072538860085e-06
2.797927461139896295e-06
2.797927461139896295e-06
2.797927461139896295e-06
2.797927461139896295e-06
2.797927461139896295e-06
2.797927461139896295e-06
2.797927461139896295e-06
2.797927461139896295e-06
2.797927461139896295e-06
2.808290155440414611e-06
2.808290155440414611e-06
2.808290155440414611e-06
2.808290155440414611e-06
2.984455958549222601e-06
2.984455958549222601e-06
2.984455958549222601e-06
2.984455958549222601e-06
2.984455958549222601e-06
2.984455958549222601e-06
2.984455958549222601e-06
3.233160621761657959e-06
3.253886010362694169e-06
3.295336787564767011e-06
3.316062176165803220e-06
3.357512953367875638e-06
3.357512953367875638e-06
3.357512953367875638e-06
3.357512953367875638e-06
3.357512953367875638e-06
3.367875647668393955e-06
3.367875647668393955e-06
3.378238341968911848e-06
3.388601036269430164e-06
3.388601036269430164e-06
3.388601036269430164e-06
3.398963730569948057e-06
3.398963730569948057e-06
3.398963730569948057e-06
3.398963730569948057e-06
3.398963730569948057e-06
3.398963730569948057e-06
3.398963730569948057e-06
3.398963730569948057e-06
3.409326424870466373e-06
3.430051813471502582e-06
3.440414507772020899e-06
3.440414507772020899e-06
3.440414507772020899e-06
3.440414507772020899e-06
3.450777202072538792e-06
3.461139896373057108e-06
3.461139896373057108e-06
3.461139896373057108e-06
3.461139896373057108e-06
3.471502590673575001e-06
3.544041450777201945e-06
3.616580310880828889e-06
3.616580310880828889e-06
3.616580310880828889e-06
3.616580310880828889e-06
3.616580310880828889e-06
3.647668393782383415e-06
3.647668393782383415e-06
3.658031088082901731e-06
3.678756476683937940e-06
3.678756476683937940e-06
3.678756476683937940e-06
3.678756476683937940e-06
3.678756476683937940e-06
3.678756476683937940e-06
3.678756476683937940e-06
3.678756476683937940e-06
3.678756476683937940e-06
3.823834196891191829e-06
3.823834196891191829e-06
3.823834196891191829e-06
3.823834196891191829e-06
3.834196891191710145e-06
3.834196891191710145e-06
3.854922279792745931e-06
3.865284974093264247e-06
3.865284974093264247e-06
3.948186528497409084e-06
3.948186528497409084e-06
3.958549222797927401e-06
3.958549222797927401e-06
3.968911917098445717e-06
3.979274611398964033e-06
4.155440414507772024e-06
4.227979274611398544e-06
4.269430051813471810e-06
4.300518134715025912e-06
4.321243523316062545e-06
4.352331606217616647e-06
4.466321243523316433e-06
4.621761658031087790e-06
4.756476683937824209e-06
5.274611398963730711e-06
5.782383419689118896e-06
6.113989637305699091e-06
6.435233160621761817e-06
6.756476683937823695e-06
6.963730569948186635e-06
7.430051813471502401e-06
7.772020725388601760e-06
8.176165803108807628e-06
8.414507772020725517e-06
8.715025906735751610e-06
8.777202072538859814e-06
8.974093264248704437e-06
9.150259067357512427e-06
9.440414507772020204e-06
9.637305699481864827e-06
9.854922279792746083e-06
9.989637305699482502e-06
1.018652849740932712e-05
1.024870466321243533e-05
1.030051813471502522e-05
1.043523316062176164e-05
1.045595854922279827e-05
1.050777202072538816e-05
1.052849740932642479e-05
1.059067357512953299e-05
1.066321243523316121e-05
1.071502590673575110e-05
1.073575129533678773e-05
1.075647668393782436e-05
1.077720207253885930e-05
1.077720207253885930e-05
1.081865284974093257e-05
1.081865284974093257e-05
1.083937823834196920e-05
1.083937823834196920e-05
1.087046632124352415e-05
1.087046632124352415e-05
1.087046632124352415e-05
1.087046632124352415e-05
1.092227979274611404e-05
1.097409326424870392e-05
1.097409326424870392e-05
1.098445595854922224e-05
1.098445595854922224e-05
1.101554404145077719e-05
1.101554404145077719e-05
1.101554404145077719e-05
1.101554404145077719e-05
1.104663212435233214e-05
1.106735751295336708e-05
1.106735751295336708e-05
1.106735751295336708e-05
1.106735751295336708e-05
1.106735751295336708e-05
1.107772020725388539e-05
1.107772020725388539e-05
1.107772020725388539e-05
1.107772020725388539e-05
1.112953367875647697e-05
1.116062176165803192e-05
1.133678756476683991e-05
1.133678756476683991e-05
1.134715025906735823e-05
1.135751295336787485e-05
1.135751295336787485e-05
1.135751295336787485e-05
1.136787564766839317e-05
1.137823834196891149e-05
1.138860103626942980e-05
1.139896373056994812e-05
1.145077720207253970e-05
1.147150259067357464e-05
1.149222797927461127e-05
1.150259067357512959e-05
1.153367875647668454e-05
1.162694300518134769e-05
1.164766839378238263e-05
1.164766839378238263e-05
1.166839378238341926e-05
1.175129533678756410e-05
1.181347150259067400e-05
1.182383419689119231e-05
1.185492227979274557e-05
1.189637305699481883e-05
1.189637305699481883e-05
1.202072538860103694e-05
1.210362694300518177e-05
1.211398963730570009e-05
1.214507772020725335e-05
1.215544041450777166e-05
1.219689119170984493e-05
1.219689119170984493e-05
1.222797927461139818e-05
1.222797927461139818e-05
1.235233160621761628e-05
1.245595854922279775e-05
1.246632124352331607e-05
1.250777202072538934e-05
1.255958549222797922e-05
1.256994818652849754e-05
1.256994818652849754e-05
1.259067357512953417e-05
1.270466321243523396e-05
1.297409326424870510e-05
1.298445595854922342e-05
1.301554404145077667e-05
1.310880829015543983e-05
1.327461139896373120e-05
1.329533678756476613e-05
1.334715025906735772e-05
1.347150259067357582e-05
1.351295336787564739e-05
1.352331606217616571e-05
1.353367875647668402e-05
1.354404145077720234e-05
1.359585492227979223e-05
1.363730569948186549e-05
1.368911917098445538e-05
1.379274611398963685e-05
1.387564766839378169e-05
1.389637305699481832e-05
1.391709844559585495e-05
1.395854922279792822e-05
1.399999999999999979e-05
1.407253886010362631e-05
1.410362694300518126e-05
1.410362694300518126e-05
1.414507772020725453e-05
1.415544041450777284e-05
1.416580310880828946e-05
1.426943005181347093e-05
1.431088082901554420e-05
1.435233160621761577e-05
1.441450777202072567e-05
1.445595854922279724e-05
1.447668393782383387e-05
1.452849740932642546e-05
1.455958549222797871e-05
1.455958549222797871e-05
1.458031088082901534e-05
1.461139896373057029e-05
1.462176165803108861e-05
1.464248704663212355e-05
1.465284974093264186e-05
1.471502590673575176e-05
1.472538860103627008e-05
1.483937823834196817e-05
1.491191709844559638e-05
1.492227979274611470e-05
1.493264248704663132e-05
1.503626943005181279e-05
1.506735751295336774e-05
1.508808290155440438e-05
1.518134715025906753e-05
1.527461139896373068e-05
1.535751295336787721e-05
1.548186528497409362e-05
1.551295336787564857e-05
1.558549222797927340e-05
1.559585492227979171e-05
1.563730569948186498e-05
1.566839378238341993e-05
1.567875647668393824e-05
1.568911917098445656e-05
1.569948186528497488e-05
1.575129533678756646e-05
1.576165803108808139e-05
1.586528497409326455e-05
1.591709844559585613e-05
1.592746113989637445e-05
1.592746113989637445e-05
1.594818652849740769e-05
1.595854922279792601e-05
1.599999999999999928e-05
1.602072538860103591e-05
1.604145077720207254e-05
1.604145077720207254e-05
1.604145077720207254e-05
1.605181347150259086e-05
1.607253886010362749e-05
1.609326424870466412e-05
1.710880829015543880e-05
1.717098445595854870e-05
1.831088082901554317e-05
1.882901554404145221e-05
1.917098445595854988e-05
1.950259067357512923e-05
2.018652849740932794e-05
2.027979274611398940e-05
2.047668393782383403e-05
2.056994818652849887e-05
2.073575129533678855e-05
2.124352331606217588e-05
2.138860103626942893e-05
2.166839378238342008e-05
2.217616580310880742e-05
2.219689119170984405e-05
2.274611398963730465e-05
2.308808290155440571e-05
2.351295336787564651e-05
2.394818652849740903e-05
2.413471502590673533e-05
2.432124352331606164e-05
2.447668393782383300e-05
2.453886010362694290e-05
2.469430051813471425e-05
2.478756476683937910e-05
2.490155440414507719e-05
2.499481865284974204e-05
2.508808290155440350e-05
2.513989637305699508e-05
2.520207253886010498e-05
2.536787564766839465e-05
2.536787564766839465e-05
2.564766839378238242e-05
2.572020725388601063e-05
2.578238341968912053e-05
2.584455958549222704e-05
2.591709844559585526e-05
2.603108808290155335e-05
2.615544041450777315e-05
2.617616580310880978e-05
2.620725388601036134e-05
2.624870466321243460e-05
2.642487046632124260e-05
2.645595854922279754e-05
2.646632124352331586e-05
2.649740932642487081e-05
2.652849740932642576e-05
2.660103626943005059e-05
2.663212435233160553e-05
2.664248704663212385e-05
2.665284974093264217e-05
2.665284974093264217e-05
2.668393782383419712e-05
2.668393782383419712e-05
2.669430051813471543e-05
2.672538860103627038e-05
2.679792746113989521e-05
2.679792746113989521e-05
2.684974093264248679e-05
2.688082901554404174e-05
2.688082901554404174e-05
2.697409326424870320e-05
2.711917098445595963e-05
2.715025906735751458e-05
2.721243523316062109e-05
2.726424870466321267e-05
2.732642487046632257e-05
2.744041450777202066e-05
2.755440414507771875e-05
2.764766839378238360e-05
2.780310880829015496e-05
2.789637305699481980e-05
2.790673575129533812e-05
2.803108808290155453e-05
2.812435233160621599e-05
2.832124352331606061e-05
2.858031088082901513e-05
2.872538860103626817e-05
2.881865284974093302e-05
2.886010362694300629e-05
2.892227979274611280e-05
2.901554404145077764e-05
2.913989637305699405e-05
2.926424870466321385e-05
2.932642487046632036e-05
2.935751295336787531e-05
2.946113989637305847e-05
2.955440414507771993e-05
2.960621761658031151e-05
2.968911917098445466e-05
3.015544041450777212e-05
3.034196891191709842e-05
3.048704663212435147e-05
3.069430051813471779e-05
3.093264248704663229e-05
3.103626943005181546e-05
3.139896373056994975e-05
3.202072538860103518e-05
3.250777202072538928e-05
3.362694300518134712e-05
3.535751295336787885e-05
3.615544041450776888e-05
3.700518134715025727e-05
3.790673575129533724e-05
3.875647668393782564e-05
3.954404145077720413e-05
4.261139896373057157e-05
4.364766839378238288e-05
4.517098445595854828e-05
4.675647668393782358e-05
4.891191709844559273e-05
4.983419689119170933e-05
5.120207253886010677e-05
5.304663212435233320e-05
5.466321243523316345e-05
5.599999999999999916e-05
6.146113989637305025e-05
6.306735751295336218e-05
6.586528497409326695e-05
6.627979274611398605e-05
7.158549222797926917e-05
7.364766839378238702e-05
7.701554404145077208e-05
7.901554404145078004e-05
8.155440414507772690e-05
8.355440414507772130e-05
8.667357512953368032e-05
8.891191709844559600e-05
9.109844559585492010e-05
9.354404145077720211e-05
9.556476683937823314e-05
9.984455958549223005e-05
1.019170984455958527e-04
1.041243523316062134e-04
1.071191709844559526e-04
1.101554404145077787e-04
1.127564766839378219e-04
1.171398963730569884e-04
1.222176165803108821e-04
1.259067357512953485e-04
1.296165803108808245e-04
1.344870466321243518e-04
1.373886010362694262e-04
1.402072538860103541e-04
1.428186528497409427e-04
1.449637305699481935e-04
1.484248704663212570e-04
1.506424870466321225e-04
1.588082901554404203e-04
1.631088082901554538e-04
1.672124352331606258e-04
1.710569948186528534e-04
1.767046632124352409e-04
1.836994818652849825e-04
1.877823834196891179e-04
2.001036269430051927e-04
2.099585492227979354e-04
2.208497409326424827e-04
2.315129533678756540e-04
2.423316062176165866e-04
2.570984455958549028e-04
2.757305699481865375e-04
2.950259067357512903e-04
3.158341968911916901e-04
3.384974093264248550e-04
3.669326424870466273e-04
3.962590673575129476e-04
4.382176165803108652e-04
4.797098445595854993e-04
5.285181347150258750e-04
5.787046632124352545e-04
6.236269430051813835e-04
6.798652849740932430e-04
7.372435233160621985e-04
8.110777202072538610e-04
9.011088082901554759e-04
9.835544041450776289e-04
1.048424870466321259e-03
1.102041450777202026e-03
1.213689119170984496e-03
1.281243523316062194e-03
1.382435233160621670e-03
1.462404145077720284e-03
1.555025906735751397e-03
1.632196891191709876e-03
1.632196891191709876e-03
1.807886010362694295e-03
1.883481865284974098e-03
1.959233160621761446e-03
2.003948186528497263e-03
2.131150259067357468e-03
2.233782383419688922e-03
2.330507772020725451e-03
2.413854922279792901e-03
2.503036269430051770e-03
2.555108808290155239e-03
2.650238341968912028e-03
2.750922279792746093e-03
2.850196891191709991e-03
2.939854922279792893e-03
3.039388601036269438e-03