5.000000000000000278e-02 5.000000000000000000e+00 7.000000000000000666e-02 5.000000000000000000e+00 3.000000000000000000e+01 4.000000000000000000e+00
1.000000000000000021e-02 6.000000000000000000e+00 8.999999999999999667e-02 9.000000000000000000e+00 2.000000000000000000e+01 8.000000000000000000e+00
5.000000000000000278e-02 5.000000000000000000e+00 8.999999999999999667e-02 5.000000000000000000e+00 2.500000000000000000e+01 9.000000000000000000e+00
1.000000000000000021e-02 6.000000000000000000e+00 1.000000000000000056e-01 1.000000000000000000e+01 1.000000000000000000e+01 7.000000000000000000e+00
1.000000000000000021e-02 9.000000000000000000e+00 8.000000000000000167e-02 2.000000000000000000e+00 2.500000000000000000e+01 6.000000000000000000e+00
5.000000000000000278e-02 8.000000000000000000e+00 4.000000000000000083e-02 1.000000000000000000e+01 2.000000000000000000e+01 7.000000000000000000e+00
1.000000000000000056e-01 8.000000000000000000e+00 2.999999999999999889e-02 9.000000000000000000e+00 3.000000000000000000e+01 7.000000000000000000e+00
1.000000000000000021e-02 7.000000000000000000e+00 1.000000000000000056e-01 4.000000000000000000e+00 2.000000000000000000e+01 6.000000000000000000e+00
1.000000000000000021e-02 8.000000000000000000e+00 8.999999999999999667e-02 9.000000000000000000e+00 1.000000000000000000e+01 6.000000000000000000e+00
1.000000000000000056e-01 6.000000000000000000e+00 5.999999999999999778e-02 6.000000000000000000e+00 2.500000000000000000e+01 4.000000000000000000e+00
1.000000000000000021e-02 1.000000000000000000e+01 4.000000000000000083e-02 9.000000000000000000e+00 2.500000000000000000e+01 1.000000000000000000e+01
1.000000000000000021e-02 7.000000000000000000e+00 8.000000000000000167e-02 1.000000000000000000e+01 1.000000000000000000e+01 6.000000000000000000e+00
1.000000000000000056e-01 6.000000000000000000e+00 5.000000000000000278e-02 7.000000000000000000e+00 3.000000000000000000e+01 5.000000000000000000e+00
1.000000000000000021e-02 7.000000000000000000e+00 7.000000000000000666e-02 7.000000000000000000e+00 2.000000000000000000e+01 9.000000000000000000e+00
1.000000000000000056e-01 7.000000000000000000e+00 5.000000000000000278e-02 2.000000000000000000e+00 3.000000000000000000e+01 4.000000000000000000e+00
1.000000000000000056e-01 8.000000000000000000e+00 4.000000000000000083e-02 4.000000000000000000e+00 2.500000000000000000e+01 6.000000000000000000e+00
1.000000000000000056e-01 6.000000000000000000e+00 4.000000000000000083e-02 9.000000000000000000e+00 3.000000000000000000e+01 7.000000000000000000e+00
1.000000000000000021e-02 7.000000000000000000e+00 8.999999999999999667e-02 5.000000000000000000e+00 2.000000000000000000e+01 7.000000000000000000e+00
5.000000000000000278e-02 7.000000000000000000e+00 4.000000000000000083e-02 8.000000000000000000e+00 3.000000000000000000e+01 5.000000000000000000e+00
1.000000000000000021e-02 1.000000000000000000e+01 7.000000000000000666e-02 7.000000000000000000e+00 1.500000000000000000e+01 6.000000000000000000e+00
5.000000000000000278e-02 5.000000000000000000e+00 7.000000000000000666e-02 5.000000000000000000e+00 3.000000000000000000e+01 5.000000000000000000e+00
1.000000000000000056e-01 7.000000000000000000e+00 2.999999999999999889e-02 1.000000000000000000e+01 1.500000000000000000e+01 8.000000000000000000e+00
1.000000000000000056e-01 5.000000000000000000e+00 4.000000000000000083e-02 8.000000000000000000e+00 1.000000000000000000e+01 1.000000000000000000e+01
1.000000000000000021e-02 9.000000000000000000e+00 4.000000000000000083e-02 6.000000000000000000e+00 3.000000000000000000e+01 1.000000000000000000e+01
1.000000000000000021e-02 8.000000000000000000e+00 8.999999999999999667e-02 9.000000000000000000e+00 2.000000000000000000e+01 5.000000000000000000e+00
1.000000000000000056e-01 8.000000000000000000e+00 2.999999999999999889e-02 1.000000000000000000e+01 2.000000000000000000e+01 7.000000000000000000e+00
5.000000000000000278e-02 5.000000000000000000e+00 5.000000000000000278e-02 4.000000000000000000e+00 3.000000000000000000e+01 1.000000000000000000e+01
1.000000000000000056e-01 5.000000000000000000e+00 4.000000000000000083e-02 7.000000000000000000e+00 1.000000000000000000e+01 7.000000000000000000e+00
1.000000000000000021e-02 1.000000000000000000e+01 5.999999999999999778e-02 8.000000000000000000e+00 2.000000000000000000e+01 6.000000000000000000e+00
1.000000000000000021e-02 5.000000000000000000e+00 8.999999999999999667e-02 1.000000000000000000e+01 1.500000000000000000e+01 7.000000000000000000e+00
1.000000000000000056e-01 7.000000000000000000e+00 4.000000000000000083e-02 3.000000000000000000e+00 2.500000000000000000e+01 6.000000000000000000e+00
1.000000000000000056e-01 4.000000000000000000e+00 8.999999999999999667e-02 7.000000000000000000e+00 1.000000000000000000e+01 9.000000000000000000e+00
1.000000000000000021e-02 8.000000000000000000e+00 8.999999999999999667e-02 4.000000000000000000e+00 1.000000000000000000e+01 9.000000000000000000e+00
1.000000000000000021e-02 1.000000000000000000e+01 5.999999999999999778e-02 1.000000000000000000e+01 2.500000000000000000e+01 7.000000000000000000e+00
1.000000000000000021e-02 1.000000000000000000e+01 5.000000000000000278e-02 3.000000000000000000e+00 2.500000000000000000e+01 1.000000000000000000e+01
1.000000000000000056e-01 6.000000000000000000e+00 5.000000000000000278e-02 3.000000000000000000e+00 1.000000000000000000e+01 9.000000000000000000e+00
5.000000000000000278e-02 5.000000000000000000e+00 7.000000000000000666e-02 3.000000000000000000e+00 3.000000000000000000e+01 6.000000000000000000e+00
1.000000000000000056e-01 3.000000000000000000e+00 7.000000000000000666e-02 5.000000000000000000e+00 1.000000000000000000e+01 7.000000000000000000e+00
1.000000000000000056e-01 6.000000000000000000e+00 5.000000000000000278e-02 4.000000000000000000e+00 2.500000000000000000e+01 8.000000000000000000e+00
1.000000000000000056e-01 7.000000000000000000e+00 2.999999999999999889e-02 9.000000000000000000e+00 3.000000000000000000e+01 8.000000000000000000e+00
1.000000000000000021e-02 6.000000000000000000e+00 1.000000000000000056e-01 6.000000000000000000e+00 3.000000000000000000e+01 6.000000000000000000e+00
1.000000000000000056e-01 3.000000000000000000e+00 1.000000000000000056e-01 3.000000000000000000e+00 2.500000000000000000e+01 7.000000000000000000e+00
1.000000000000000021e-02 8.000000000000000000e+00 8.999999999999999667e-02 5.000000000000000000e+00 3.000000000000000000e+01 6.000000000000000000e+00
1.000000000000000021e-02 1.000000000000000000e+01 1.000000000000000056e-01 2.000000000000000000e+00 3.000000000000000000e+01 7.000000000000000000e+00
5.000000000000000278e-02 7.000000000000000000e+00 4.000000000000000083e-02 6.000000000000000000e+00 3.000000000000000000e+01 5.000000000000000000e+00
5.000000000000000278e-02 4.000000000000000000e+00 8.999999999999999667e-02 9.000000000000000000e+00 2.500000000000000000e+01 8.000000000000000000e+00
1.000000000000000021e-02 7.000000000000000000e+00 1.000000000000000056e-01 6.000000000000000000e+00 2.500000000000000000e+01 5.000000000000000000e+00
1.000000000000000021e-02 9.000000000000000000e+00 8.000000000000000167e-02 1.000000000000000000e+00 1.000000000000000000e+01 1.000000000000000000e+01
1.000000000000000021e-02 1.000000000000000000e+01 5.000000000000000278e-02 1.000000000000000000e+01 1.000000000000000000e+01 9.000000000000000000e+00
1.000000000000000056e-01 5.000000000000000000e+00 4.000000000000000083e-02 1.000000000000000000e+01 1.500000000000000000e+01 7.000000000000000000e+00
5.000000000000000278e-02 5.000000000000000000e+00 5.000000000000000278e-02 6.000000000000000000e+00 1.500000000000000000e+01 1.000000000000000000e+01
5.000000000000000278e-02 6.000000000000000000e+00 8.999999999999999667e-02 5.000000000000000000e+00 2.500000000000000000e+01 9.000000000000000000e+00
5.000000000000000278e-02 8.000000000000000000e+00 5.000000000000000278e-02 2.000000000000000000e+00 2.500000000000000000e+01 6.000000000000000000e+00
1.000000000000000056e-01 6.000000000000000000e+00 4.000000000000000083e-02 4.000000000000000000e+00 1.500000000000000000e+01 9.000000000000000000e+00
5.000000000000000278e-02 9.000000000000000000e+00 4.000000000000000083e-02 2.000000000000000000e+00 1.000000000000000000e+01 8.000000000000000000e+00
1.000000000000000056e-01 5.000000000000000000e+00 4.000000000000000083e-02 5.000000000000000000e+00 1.500000000000000000e+01 7.000000000000000000e+00
1.000000000000000056e-01 3.000000000000000000e+00 1.000000000000000056e-01 7.000000000000000000e+00 3.000000000000000000e+01 7.000000000000000000e+00
1.000000000000000056e-01 3.000000000000000000e+00 8.999999999999999667e-02 9.000000000000000000e+00 2.000000000000000000e+01 5.000000000000000000e+00
5.000000000000000278e-02 5.000000000000000000e+00 8.999999999999999667e-02 3.000000000000000000e+00 2.000000000000000000e+01 4.000000000000000000e+00
5.000000000000000278e-02 5.000000000000000000e+00 8.999999999999999667e-02 3.000000000000000000e+00 3.000000000000000000e+01 4.000000000000000000e+00
2.631448638160097109e-01 1.200000000000000000e+01 1.061934718215538365e-01 4.000000000000000000e+00 4.900000000000000000e+01 6.000000000000000000e+00
2.404817959256301263e-01 1.400000000000000000e+01 1.411124441073098867e-01 6.000000000000000000e+00 4.900000000000000000e+01 2.000000000000000000e+00
3.758668389091573414e-01 1.000000000000000000e+01 5.172112845450684004e-02 2.000000000000000000e+00 4.900000000000000000e+01 1.000000000000000000e+00
3.771796875000002491e-01 1.200000000000000000e+01 1.088816625128323778e-01 4.000000000000000000e+00 4.900000000000000000e+01 6.000000000000000000e+00
2.456165899893838767e-01 1.000000000000000000e+01 4.837158141694715419e-02 2.000000000000000000e+00 4.900000000000000000e+01 4.000000000000000000e+00
3.068095035917389191e-01 1.400000000000000000e+01 6.922372893722718301e-02 3.000000000000000000e+00 4.900000000000000000e+01 3.000000000000000000e+00
1.146495175229216429e-01 7.000000000000000000e+00 9.913495071501553235e-02 4.000000000000000000e+00 4.900000000000000000e+01 5.000000000000000000e+00
3.729482596650520732e-01 1.400000000000000000e+01 3.865307029121682614e-02 3.000000000000000000e+00 4.900000000000000000e+01 5.000000000000000000e+00
3.106408812141693843e-01 1.200000000000000000e+01 7.313382800080553414e-02 5.000000000000000000e+00 4.900000000000000000e+01 4.000000000000000000e+00
1.174250426391580115e-01 8.000000000000000000e+00 1.176836306843350166e-01 1.000000000000000000e+00 4.900000000000000000e+01 3.000000000000000000e+00
3.075309096153636124e-01 1.300000000000000000e+01 1.233399279188142628e-01 1.000000000000000000e+00 4.900000000000000000e+01 5.000000000000000000e+00
8.614812845735786428e-02 1.400000000000000000e+01 9.261225703213407656e-02 5.000000000000000000e+00 4.900000000000000000e+01 3.000000000000000000e+00
2.682686939001574511e-01 9.000000000000000000e+00 1.491286739280502441e-02 1.000000000000000000e+00 4.900000000000000000e+01 3.000000000000000000e+00
2.150933027958681354e-01 1.300000000000000000e+01 1.870119224256387713e-01 4.000000000000000000e+00 4.900000000000000000e+01 4.000000000000000000e+00
3.321735523188652506e-01 8.000000000000000000e+00 1.187520052194077497e-01 1.000000000000000000e+00 4.900000000000000000e+01 7.000000000000000000e+00
2.462675017709312075e-01 1.000000000000000000e+01 2.017546410682611036e-01 3.000000000000000000e+00 4.900000000000000000e+01 4.000000000000000000e+00
3.725900547985295241e-01 1.300000000000000000e+01 1.974257515936379548e-01 2.000000000000000000e+00 4.900000000000000000e+01 6.000000000000000000e+00
2.956482264991922015e-01 6.000000000000000000e+00 1.099560040001077155e-01 4.000000000000000000e+00 4.900000000000000000e+01 4.000000000000000000e+00
3.463060360906370372e-01 1.200000000000000000e+01 1.616275136491548414e-01 5.000000000000000000e+00 4.900000000000000000e+01 4.000000000000000000e+00
2.839313788910284297e-01 9.000000000000000000e+00 9.784667968749993783e-02 1.000000000000000000e+00 4.900000000000000000e+01 2.000000000000000000e+00
2.030761718750001277e-01 9.000000000000000000e+00 1.534578237078328133e-01 3.000000000000000000e+00 4.900000000000000000e+01 5.000000000000000000e+00
3.346909003886373024e-01 1.200000000000000000e+01 1.814872392819402713e-01 4.000000000000000000e+00 4.900000000000000000e+01 3.000000000000000000e+00
1.380230034168887232e-01 1.100000000000000000e+01 1.156488016875189817e-01 5.000000000000000000e+00 4.900000000000000000e+01 6.000000000000000000e+00
1.940766355134743715e-01 1.200000000000000000e+01 5.354645564844248695e-02 4.000000000000000000e+00 4.900000000000000000e+01 2.000000000000000000e+00
3.303984374999999751e-01 1.200000000000000000e+01 1.937109374999999856e-02 7.000000000000000000e+00 4.900000000000000000e+01 6.000000000000000000e+00
1.800861225376419461e-01 1.000000000000000000e+01 1.625584153818293576e-01 2.000000000000000000e+00 4.900000000000000000e+01 1.000000000000000000e+00
4.320107737297285699e-01 8.000000000000000000e+00 1.481591451798694725e-01 2.000000000000000000e+00 4.900000000000000000e+01 2.000000000000000000e+00
3.258672328250817318e-01 7.000000000000000000e+00 1.376396291882445999e-01 4.000000000000000000e+00 4.900000000000000000e+01 4.000000000000000000e+00
2.487832031250000187e-01 1.300000000000000000e+01 1.836413983010149187e-01 5.000000000000000000e+00 4.900000000000000000e+01 4.000000000000000000e+00
2.460828549059833614e-01 1.300000000000000000e+01 1.847474197755908376e-01 2.000000000000000000e+00 4.900000000000000000e+01 1.000000000000000000e+00
2.859721666518849625e-02 1.300000000000000000e+01 1.739423231199866138e-01 2.000000000000000000e+00 4.900000000000000000e+01 6.000000000000000000e+00
2.767561229530462463e-01 8.000000000000000000e+00 1.014616498054401322e-01 4.000000000000000000e+00 4.900000000000000000e+01 3.000000000000000000e+00
2.703338563522560967e-01 1.100000000000000000e+01 4.025610141624784422e-02 2.000000000000000000e+00 4.900000000000000000e+01 4.000000000000000000e+00
2.631039877738344801e-01 1.000000000000000000e+01 1.282337712001052066e-01 4.000000000000000000e+00 4.900000000000000000e+01 1.000000000000000000e+00
2.316113644783093228e-01 8.000000000000000000e+00 1.553342892699580702e-01 1.000000000000000000e+00 4.900000000000000000e+01 3.000000000000000000e+00
2.904878054618841299e-01 1.300000000000000000e+01 1.717574983464016380e-01 5.000000000000000000e+00 4.900000000000000000e+01 6.000000000000000000e+00
2.326252667136227970e-01 1.300000000000000000e+01 1.890372377583545704e-01 1.000000000000000000e+00 4.900000000000000000e+01 1.000000000000000000e+00
2.026484375000000560e-01 1.200000000000000000e+01 6.958029492663261872e-02 6.000000000000000000e+00 4.900000000000000000e+01 4.000000000000000000e+00
2.075044145012739927e-01 1.000000000000000000e+01 9.859924427325436613e-02 4.000000000000000000e+00 4.900000000000000000e+01 1.000000000000000000e+00
2.729177448819452567e-01 1.000000000000000000e+01 1.330999779387336546e-01 4.000000000000000000e+00 4.900000000000000000e+01 4.000000000000000000e+00
2.271425781250000497e-01 8.000000000000000000e+00 1.567958984375000808e-01 6.000000000000000000e+00 4.900000000000000000e+01 3.000000000000000000e+00
2.162724034063198963e-01 1.100000000000000000e+01 6.122605170577954253e-02 3.000000000000000000e+00 4.900000000000000000e+01 2.000000000000000000e+00
2.873079844770680125e-01 1.400000000000000000e+01 2.176318242609058817e-01 4.000000000000000000e+00 4.900000000000000000e+01 3.000000000000000000e+00
1.991236780029933540e-01 9.000000000000000000e+00 1.810950966053241351e-01 3.000000000000000000e+00 4.900000000000000000e+01 4.000000000000000000e+00
7.075971132043047673e-02 1.300000000000000000e+01 5.641907831474214652e-02 5.000000000000000000e+00 4.900000000000000000e+01 4.000000000000000000e+00
2.906228318465882143e-01 1.000000000000000000e+01 1.263263152361406572e-01 3.000000000000000000e+00 4.900000000000000000e+01 4.000000000000000000e+00
1.765076665410997003e-01 9.000000000000000000e+00 1.678612868675681824e-01 4.000000000000000000e+00 4.900000000000000000e+01 5.000000000000000000e+00
2.428350767817316069e-01 1.200000000000000000e+01 6.884399717551344111e-03 3.000000000000000000e+00 4.900000000000000000e+01 2.000000000000000000e+00
2.996075379272584716e-01 9.000000000000000000e+00 1.624780526489612038e-03 3.000000000000000000e+00 4.900000000000000000e+01 5.000000000000000000e+00
2.993406427380555512e-01 1.400000000000000000e+01 1.784399418964146555e-01 2.000000000000000000e+00 4.900000000000000000e+01 6.000000000000000000e+00
2.119337181632378053e-01 1.300000000000000000e+01 1.822409234717639048e-01 1.000000000000000000e+00 4.900000000000000000e+01 3.000000000000000000e+00
2.136135467452280057e-01 7.000000000000000000e+00 7.086066697492193756e-02 5.000000000000000000e+00 4.900000000000000000e+01 4.000000000000000000e+00
2.023535156249998135e-01 6.000000000000000000e+00 1.836064027106382168e-01 3.000000000000000000e+00 4.900000000000000000e+01 2.000000000000000000e+00
4.256704166182995741e-01 1.100000000000000000e+01 9.159492111976678952e-02 2.000000000000000000e+00 4.900000000000000000e+01 2.000000000000000000e+00
3.288214803477880754e-01 1.400000000000000000e+01 1.863264081505344172e-01 4.000000000000000000e+00 4.900000000000000000e+01 4.000000000000000000e+00
1.500947651690796858e-02 1.000000000000000000e+01 1.241512093213813644e-01 4.000000000000000000e+00 4.900000000000000000e+01 2.000000000000000000e+00
2.550332805209531983e-01 3.000000000000000000e+00 9.607189182273945249e-02 2.000000000000000000e+00 4.900000000000000000e+01 6.000000000000000000e+00
1.984443022285328206e-01 1.200000000000000000e+01 2.025442948356734052e-01 3.000000000000000000e+00 4.900000000000000000e+01 3.000000000000000000e+00
3.442043551803123380e-01 1.000000000000000000e+01 6.812597656249985700e-02 4.000000000000000000e+00 4.900000000000000000e+01 3.000000000000000000e+00
2.373755706969764012e-01 1.000000000000000000e+01 1.006776463027005269e-01 5.000000000000000000e+00 4.900000000000000000e+01 5.000000000000000000e+00
2.017726930948512964e-01 9.000000000000000000e+00 1.984678271202841293e-01 3.000000000000000000e+00 4.900000000000000000e+01 1.000000000000000000e+00
4.181975224949526226e-01 9.000000000000000000e+00 8.767148358492254934e-02 4.000000000000000000e+00 4.900000000000000000e+01 6.000000000000000000e+00
1.836314512072456939e-01 1.300000000000000000e+01 1.861983041837543540e-01 2.000000000000000000e+00 4.900000000000000000e+01 3.000000000000000000e+00
1.338305411937543710e-01 1.100000000000000000e+01 1.156439177392843271e-01 5.000000000000000000e+00 4.900000000000000000e+01 2.000000000000000000e+00
2.756113281249998881e-01 7.000000000000000000e+00 1.408168138146151660e-01 5.000000000000000000e+00 4.900000000000000000e+01 3.000000000000000000e+00
1.851718749999997637e-01 1.000000000000000000e+01 1.613203125000001181e-01 5.000000000000000000e+00 4.900000000000000000e+01 5.000000000000000000e+00
3.362285156250002238e-01 1.300000000000000000e+01 1.719404296875001181e-01 6.000000000000000000e+00 4.900000000000000000e+01 3.000000000000000000e+00
1.979663039688446258e-01 1.200000000000000000e+01 1.928667768870798715e-01 2.000000000000000000e+00 4.900000000000000000e+01 3.000000000000000000e+00
3.449602776430309437e-01 7.000000000000000000e+00 8.495813888589880125e-02 3.000000000000000000e+00 4.900000000000000000e+01 3.000000000000000000e+00
1.373925781249997202e-01 7.000000000000000000e+00 9.044643146952595358e-02 6.000000000000000000e+00 4.900000000000000000e+01 4.000000000000000000e+00
1.446743474078540925e-01 6.000000000000000000e+00 1.204391974943191668e-01 6.000000000000000000e+00 4.900000000000000000e+01 3.000000000000000000e+00
3.274987038817041562e-01 6.000000000000000000e+00 5.994591181532450685e-02 4.000000000000000000e+00 4.900000000000000000e+01 2.000000000000000000e+00
1.847382812500000249e-01 1.100000000000000000e+01 5.418102886568375298e-02 4.000000000000000000e+00 4.900000000000000000e+01 2.000000000000000000e+00
3.753539939401148717e-01 5.000000000000000000e+00 1.327904633682418234e-01 1.000000000000000000e+00 4.900000000000000000e+01 4.000000000000000000e+00
3.398771372175993233e-01 8.000000000000000000e+00 5.953848859986152209e-02 2.000000000000000000e+00 4.900000000000000000e+01 2.000000000000000000e+00
3.825564026093144498e-01 6.000000000000000000e+00 1.365499254028960663e-01 3.000000000000000000e+00 4.900000000000000000e+01 5.000000000000000000e+00
3.125351562500001679e-01 1.300000000000000000e+01 2.281642537207366761e-01 5.000000000000000000e+00 4.900000000000000000e+01 1.000000000000000000e+00
3.057909374129002544e-01 1.000000000000000000e+01 1.421570072320348377e-01 3.000000000000000000e+00 4.900000000000000000e+01 5.000000000000000000e+00
2.455611080353734266e-01 7.000000000000000000e+00 1.222076014436156294e-01 2.000000000000000000e+00 4.900000000000000000e+01 3.000000000000000000e+00
2.347566180873319197e-01 1.300000000000000000e+01 7.998487498396804340e-02 5.000000000000000000e+00 4.900000000000000000e+01 1.000000000000000000e+00
2.722783832223921174e-01 1.200000000000000000e+01 1.200410687449854907e-01 3.000000000000000000e+00 4.900000000000000000e+01 5.000000000000000000e+00
3.258202235706491035e-01 7.000000000000000000e+00 2.026718080050981252e-01 2.000000000000000000e+00 4.900000000000000000e+01 4.000000000000000000e+00
1.176594772166669189e-01 7.000000000000000000e+00 2.301009163784026590e-01 3.000000000000000000e+00 4.900000000000000000e+01 1.000000000000000000e+00
2.042122660720797067e-01 8.000000000000000000e+00 7.827966148738380037e-02 6.000000000000000000e+00 4.900000000000000000e+01 4.000000000000000000e+00
3.635078125000002491e-01 1.100000000000000000e+01 1.054200490014779723e-01 1.000000000000000000e+00 4.900000000000000000e+01 5.000000000000000000e+00
1.273782357546482391e-01 2.000000000000000000e+00 1.609087606876834775e-01 3.000000000000000000e+00 4.900000000000000000e+01 3.000000000000000000e+00
1.308653444669425070e-01 6.000000000000000000e+00 2.030419768391118762e-01 3.000000000000000000e+00 4.900000000000000000e+01 3.000000000000000000e+00
3.021822994223693493e-01 1.100000000000000000e+01 8.063731610116103843e-02 6.000000000000000000e+00 4.900000000000000000e+01 3.000000000000000000e+00
1.111134728418893547e-01 1.000000000000000000e+01 1.289508274201662807e-01 2.000000000000000000e+00 4.900000000000000000e+01 5.000000000000000000e+00
3.223460603614728415e-01 1.100000000000000000e+01 1.918037109375001215e-01 3.000000000000000000e+00 4.900000000000000000e+01 4.000000000000000000e+00
2.931364775141884760e-01 1.000000000000000000e+01 1.001042861411634705e-01 1.000000000000000000e+00 4.900000000000000000e+01 3.000000000000000000e+00
9.318409296196358826e-03 1.400000000000000000e+01 1.141523677649956825e-02 7.000000000000000000e+00 4.900000000000000000e+01 4.000000000000000000e+00
1.193050274953156298e-01 7.000000000000000000e+00 1.015429913723558952e-01 2.000000000000000000e+00 4.900000000000000000e+01 4.000000000000000000e+00
1.930968039512684364e-01 8.000000000000000000e+00 1.271200189537847469e-01 4.000000000000000000e+00 4.900000000000000000e+01 2.000000000000000000e+00
2.772199804882076735e-01 1.200000000000000000e+01 6.039416287947858147e-02 1.000000000000000000e+00 4.900000000000000000e+01 5.000000000000000000e+00
2.480818781551276664e-01 1.200000000000000000e+01 1.975362687016102847e-01 2.000000000000000000e+00 4.900000000000000000e+01 3.000000000000000000e+00
4.083542018336142609e-01 8.000000000000000000e+00 7.904330159675833356e-02 3.000000000000000000e+00 4.900000000000000000e+01 1.000000000000000000e+00
1.151644274129664802e-01 1.000000000000000000e+01 1.390817831784019465e-01 6.000000000000000000e+00 4.900000000000000000e+01 1.000000000000000000e+00
2.986005285269506260e-01 1.400000000000000000e+01 1.533721030418749021e-01 5.000000000000000000e+00 4.900000000000000000e+01 5.000000000000000000e+00
9.868436695966907590e-02 1.400000000000000000e+01 7.481122930172820484e-02 1.000000000000000000e+00 4.900000000000000000e+01 2.000000000000000000e+00
1.368416104932702604e-01 6.000000000000000000e+00 1.606837017004132118e-01 3.000000000000000000e+00 4.900000000000000000e+01 2.000000000000000000e+00
2.304362721410239123e-01 6.000000000000000000e+00 9.573105913413829104e-02 2.000000000000000000e+00 4.900000000000000000e+01 1.000000000000000000e+00
3.945298658177213147e-01 7.000000000000000000e+00 1.620393014663186748e-01 2.000000000000000000e+00 4.900000000000000000e+01 4.000000000000000000e+00
2.617603874969858802e-01 1.100000000000000000e+01 5.409889941308454464e-02 4.000000000000000000e+00 4.900000000000000000e+01 3.000000000000000000e+00
1.372697556198887725e-01 1.300000000000000000e+01 8.556350725414896274e-02 1.000000000000000000e+00 4.900000000000000000e+01 1.000000000000000000e+00
1.752642941909932917e-01 1.000000000000000000e+01 1.239644108828053537e-01 2.000000000000000000e+00 4.900000000000000000e+01 6.000000000000000000e+00
3.786291469544151300e-01 1.200000000000000000e+01 1.103278453034134271e-01 2.000000000000000000e+00 4.900000000000000000e+01 5.000000000000000000e+00
2.448550222415968314e-01 1.200000000000000000e+01 8.337207031249999067e-02 1.000000000000000000e+00 4.900000000000000000e+01 5.000000000000000000e+00
2.120717419982629526e-01 8.000000000000000000e+00 1.946196199320566478e-01 3.000000000000000000e+00 4.900000000000000000e+01 4.000000000000000000e+00
1.802595019411298294e-01 8.000000000000000000e+00 1.280207812098835551e-01 6.000000000000000000e+00 4.900000000000000000e+01 4.000000000000000000e+00
2.518180678562036978e-01 1.100000000000000000e+01 1.013259391654863506e-01 3.000000000000000000e+00 4.900000000000000000e+01 4.000000000000000000e+00
1.666271341144895113e-01 1.400000000000000000e+01 6.434050224357194814e-02 2.000000000000000000e+00 4.900000000000000000e+01 1.000000000000000000e+00
2.846918868105940970e-01 5.000000000000000000e+00 1.635473659589324891e-01 5.000000000000000000e+00 4.900000000000000000e+01 1.000000000000000000e+00
2.698677123894603347e-01 1.300000000000000000e+01 2.351589661223846273e-01 2.000000000000000000e+00 4.900000000000000000e+01 5.000000000000000000e+00
2.590527343750000933e-01 1.300000000000000000e+01 7.637207031249998446e-02 1.000000000000000000e+00 4.900000000000000000e+01 5.000000000000000000e+00
2.793398437500001497e-01 3.000000000000000000e+00 1.321947365180349554e-01 2.000000000000000000e+00 4.900000000000000000e+01 3.000000000000000000e+00
3.324557233907045051e-01 6.000000000000000000e+00 1.061398310404340073e-01 3.000000000000000000e+00 4.900000000000000000e+01 4.000000000000000000e+00
2.089187957364967152e-01 5.000000000000000000e+00 1.378721053962299326e-01 5.000000000000000000e+00 4.900000000000000000e+01 3.000000000000000000e+00
3.663893981505662034e-01 1.200000000000000000e+01 1.817971036308459742e-01 6.000000000000000000e+00 4.900000000000000000e+01 2.000000000000000000e+00
3.222061413025355536e-01 1.100000000000000000e+01 1.594480046824911512e-01 4.000000000000000000e+00 4.900000000000000000e+01 4.000000000000000000e+00
3.354252194326210468e-01 1.200000000000000000e+01 2.366569681868610497e-01 3.000000000000000000e+00 4.900000000000000000e+01 2.000000000000000000e+00
1.051075687960510430e-01 1.200000000000000000e+01 1.050411430079847830e-01 2.000000000000000000e+00 4.900000000000000000e+01 3.000000000000000000e+00
8.366035119221178207e-02 1.200000000000000000e+01 9.598447096595030814e-02 1.000000000000000000e+00 4.900000000000000000e+01 3.000000000000000000e+00
2.895711799064038527e-01 9.000000000000000000e+00 1.633606947295548617e-01 3.000000000000000000e+00 4.900000000000000000e+01 4.000000000000000000e+00
2.004627868005717795e-01 5.000000000000000000e+00 1.606558466035414023e-01 4.000000000000000000e+00 4.900000000000000000e+01 5.000000000000000000e+00
4.735527568974655099e-01 6.000000000000000000e+00 1.560089245351230225e-01 1.000000000000000000e+00 4.900000000000000000e+01 2.000000000000000000e+00
2.360112091316994842e-01 8.000000000000000000e+00 1.099014011733749907e-01 5.000000000000000000e+00 4.900000000000000000e+01 4.000000000000000000e+00
3.618504737244631619e-01 6.000000000000000000e+00 1.331131563040361121e-01 2.000000000000000000e+00 4.900000000000000000e+01 4.000000000000000000e+00
3.235453429445993567e-01 9.000000000000000000e+00 8.154695582126428310e-02 4.000000000000000000e+00 4.900000000000000000e+01 4.000000000000000000e+00
3.955211146859493043e-01 1.200000000000000000e+01 9.230957031249992228e-02 1.000000000000000000e+00 4.900000000000000000e+01 6.000000000000000000e+00
2.800069518259602486e-01 1.100000000000000000e+01 1.862167968750000902e-01 1.000000000000000000e+00 4.900000000000000000e+01 3.000000000000000000e+00
2.354818984852363739e-01 7.000000000000000000e+00 1.317199968308150060e-01 5.000000000000000000e+00 4.900000000000000000e+01 3.000000000000000000e+00
3.869541443405398462e-02 9.000000000000000000e+00 1.640855231747696541e-01 3.000000000000000000e+00 4.900000000000000000e+01 5.000000000000000000e+00
2.748853898329259304e-01 1.200000000000000000e+01 1.723180996252279273e-01 4.000000000000000000e+00 4.900000000000000000e+01 4.000000000000000000e+00
2.759669545835443660e-01 1.200000000000000000e+01 1.566824684870485318e-01 3.000000000000000000e+00 4.900000000000000000e+01 3.000000000000000000e+00
1.614580372881816717e-01 1.200000000000000000e+01 1.881304687411823884e-01 1.000000000000000000e+00 4.900000000000000000e+01 5.000000000000000000e+00
2.682171441280560287e-01 8.000000000000000000e+00 1.324511605802414921e-02 4.000000000000000000e+00 4.900000000000000000e+01 5.000000000000000000e+00
1.543310977232477677e-01 1.300000000000000000e+01 1.475523334031269007e-01 2.000000000000000000e+00 4.900000000000000000e+01 5.000000000000000000e+00
2.307480468750001401e-01 1.000000000000000000e+01 1.350448482269636652e-01 5.000000000000000000e+00 4.900000000000000000e+01 2.000000000000000000e+00
2.656174230446330942e-01 1.400000000000000000e+01 1.313892894836745928e-01 6.000000000000000000e+00 4.900000000000000000e+01 2.000000000000000000e+00
2.591929912136070047e-01 1.000000000000000000e+01 1.298743618690192114e-01 4.000000000000000000e+00 4.900000000000000000e+01 1.000000000000000000e+00
3.978762843209767142e-01 9.000000000000000000e+00 4.224127548495645174e-02 4.000000000000000000e+00 4.900000000000000000e+01 6.000000000000000000e+00
2.810265270631425172e-01 1.300000000000000000e+01 2.337966189439315001e-01 2.000000000000000000e+00 4.900000000000000000e+01 2.000000000000000000e+00
3.242274332309716955e-01 1.000000000000000000e+01 1.737454090085678859e-01 6.000000000000000000e+00 4.900000000000000000e+01 1.000000000000000000e+00
3.292911856176649610e-01 1.000000000000000000e+01 8.212597656249986944e-02 3.000000000000000000e+00 4.900000000000000000e+01 4.000000000000000000e+00
2.566007213394997377e-01 6.000000000000000000e+00 1.334539333410279804e-01 3.000000000000000000e+00 4.900000000000000000e+01 5.000000000000000000e+00
3.077480468750001807e-01 1.100000000000000000e+01 1.355768458734604442e-01 4.000000000000000000e+00 4.900000000000000000e+01 2.000000000000000000e+00
2.962191843218385523e-02 1.100000000000000000e+01 9.001110331526011865e-02 2.000000000000000000e+00 4.900000000000000000e+01 3.000000000000000000e+00
1.039119039458881455e-01 6.000000000000000000e+00 1.199186481222969947e-01 5.000000000000000000e+00 4.900000000000000000e+01 1.000000000000000000e+00
3.700941604628470993e-01 8.000000000000000000e+00 9.535206185658437472e-02 3.000000000000000000e+00 4.900000000000000000e+01 3.000000000000000000e+00
1.521020056461580006e-01 8.000000000000000000e+00 1.606866330545585475e-01 3.000000000000000000e+00 4.900000000000000000e+01 2.000000000000000000e+00
2.851309171121824138e-01 1.200000000000000000e+01 1.433359375000000935e-01 1.000000000000000000e+00 4.900000000000000000e+01 5.000000000000000000e+00
1.213150369684369428e-01 1.000000000000000000e+01 1.069968990427035693e-01 4.000000000000000000e+00 4.900000000000000000e+01 1.000000000000000000e+00
2.296657138727247194e-01 1.100000000000000000e+01 5.002926062899816506e-02 3.000000000000000000e+00 4.900000000000000000e+01 2.000000000000000000e+00
4.306090499943794891e-01 1.300000000000000000e+01 8.228692261457649926e-02 5.000000000000000000e+00 4.900000000000000000e+01 6.000000000000000000e+00
2.024993523366845904e-01 5.000000000000000000e+00 1.788003259725468030e-01 4.000000000000000000e+00 4.900000000000000000e+01 2.000000000000000000e+00
2.642368789900521042e-01 4.000000000000000000e+00 1.673599686255665964e-01 6.000000000000000000e+00 4.900000000000000000e+01 2.000000000000000000e+00
2.862453558666030462e-01 1.100000000000000000e+01 6.577096823601723263e-02 7.000000000000000000e+00 4.900000000000000000e+01 4.000000000000000000e+00
2.321459595022609956e-01 1.200000000000000000e+01 8.748010580161087735e-02 5.000000000000000000e+00 4.900000000000000000e+01 2.000000000000000000e+00
2.216562499999998881e-01 1.100000000000000000e+01 1.189843750000000311e-01 3.000000000000000000e+00 4.900000000000000000e+01 3.000000000000000000e+00
2.046480221609306982e-01 6.000000000000000000e+00 5.913361742905591523e-02 3.000000000000000000e+00 4.900000000000000000e+01 3.000000000000000000e+00
2.337160302131161271e-01 9.000000000000000000e+00 1.662175294162079320e-01 5.000000000000000000e+00 4.900000000000000000e+01 4.000000000000000000e+00
3.108196041243367902e-01 1.000000000000000000e+01 1.868889229043184108e-01 6.000000000000000000e+00 4.900000000000000000e+01 3.000000000000000000e+00
2.185214293451163692e-01 8.000000000000000000e+00 1.493417705021816977e-01 4.000000000000000000e+00 4.900000000000000000e+01 2.000000000000000000e+00
2.819414062500001927e-01 1.200000000000000000e+01 1.351113281250000686e-01 3.000000000000000000e+00 4.900000000000000000e+01 3.000000000000000000e+00
9.617309584744820894e-02 1.000000000000000000e+01 1.960368211406775529e-01 5.000000000000000000e+00 4.900000000000000000e+01 5.000000000000000000e+00
3.291952112082121573e-01 5.000000000000000000e+00 1.099199218749998819e-01 4.000000000000000000e+00 4.900000000000000000e+01 2.000000000000000000e+00
3.039352630394445143e-01 1.000000000000000000e+01 1.287878843246628990e-01 3.000000000000000000e+00 4.900000000000000000e+01 2.000000000000000000e+00
2.450943753568884387e-01 1.100000000000000000e+01 1.640883031976487008e-02 2.000000000000000000e+00 4.900000000000000000e+01 3.000000000000000000e+00
2.117572395165949750e-01 1.000000000000000000e+01 1.785133312923729842e-01 1.000000000000000000e+00 4.900000000000000000e+01 6.000000000000000000e+00
1.630446821317841632e-01 7.000000000000000000e+00 1.333574076743131442e-01 6.000000000000000000e+00 4.900000000000000000e+01 5.000000000000000000e+00
1.390248258951672922e-01 1.300000000000000000e+01 5.525277796529171753e-02 5.000000000000000000e+00 4.900000000000000000e+01 4.000000000000000000e+00
4.502449001510843707e-01 1.000000000000000000e+01 1.643073243912787085e-01 4.000000000000000000e+00 4.900000000000000000e+01 2.000000000000000000e+00
2.143067292904166643e-01 5.000000000000000000e+00 1.931138631413104323e-01 3.000000000000000000e+00 4.900000000000000000e+01 3.000000000000000000e+00
4.429255023139637704e-01 6.000000000000000000e+00 1.539978292591283049e-01 1.000000000000000000e+00 4.900000000000000000e+01 1.000000000000000000e+00
2.577433748363384125e-01 1.000000000000000000e+01 2.050966908372433561e-01 2.000000000000000000e+00 4.900000000000000000e+01 3.000000000000000000e+00
2.123389203871345055e-01 8.000000000000000000e+00 1.744522913821427434e-01 3.000000000000000000e+00 4.900000000000000000e+01 4.000000000000000000e+00
1.654082031249998197e-01 9.000000000000000000e+00 1.641357988211156749e-01 3.000000000000000000e+00 4.900000000000000000e+01 5.000000000000000000e+00
2.718987220735546440e-01 1.100000000000000000e+01 5.621173704853681119e-02 2.000000000000000000e+00 4.900000000000000000e+01 5.000000000000000000e+00
2.081057691870312198e-01 8.000000000000000000e+00 1.346745224346796166e-01 3.000000000000000000e+00 4.900000000000000000e+01 2.000000000000000000e+00
3.273487353203779482e-01 7.000000000000000000e+00 8.979421963380118665e-02 2.000000000000000000e+00 4.900000000000000000e+01 3.000000000000000000e+00
2.608108039487532781e-01 9.000000000000000000e+00 1.640623964353596920e-01 2.000000000000000000e+00 4.900000000000000000e+01 3.000000000000000000e+00
2.377749581360532605e-01 4.000000000000000000e+00 4.640406318880600789e-02 4.000000000000000000e+00 4.900000000000000000e+01 3.000000000000000000e+00
3.675647631908139923e-01 9.000000000000000000e+00 8.004882812499986011e-02 5.000000000000000000e+00 4.900000000000000000e+01 4.000000000000000000e+00
4.705807253590144623e-01 6.000000000000000000e+00 1.354335937500000808e-01 2.000000000000000000e+00 4.900000000000000000e+01 1.000000000000000000e+00
4.636586550868223577e-01 7.000000000000000000e+00 1.488255629838250993e-01 1.000000000000000000e+00 4.900000000000000000e+01 1.000000000000000000e+00
3.221902741122024266e-02 1.000000000000000000e+01 1.450619427874544620e-01 3.000000000000000000e+00 4.900000000000000000e+01 3.000000000000000000e+00
1.987640800230082994e-01 1.000000000000000000e+01 1.450503791432535550e-01 1.000000000000000000e+00 4.900000000000000000e+01 6.000000000000000000e+00
1.064632490069938320e-01 8.000000000000000000e+00 9.313083570530736321e-02 2.000000000000000000e+00 4.900000000000000000e+01 5.000000000000000000e+00
1.245043204917753304e-01 1.000000000000000000e+00 2.402762544889046892e-01 3.000000000000000000e+00 4.900000000000000000e+01 1.000000000000000000e+00
1.023437063318065748e-01 1.400000000000000000e+01 6.338070326557930512e-02 1.000000000000000000e+00 4.900000000000000000e+01 1.000000000000000000e+00
2.862541316579940154e-01 1.300000000000000000e+01 1.595470162998866848e-01 5.000000000000000000e+00 4.900000000000000000e+01 4.000000000000000000e+00
4.098650638333551921e-01 8.000000000000000000e+00 1.238871046309487217e-01 4.000000000000000000e+00 4.900000000000000000e+01 2.000000000000000000e+00
3.010167451183614618e-01 1.100000000000000000e+01 6.138867348716785938e-02 1.000000000000000000e+00 4.900000000000000000e+01 5.000000000000000000e+00
2.013123640006198034e-01 9.000000000000000000e+00 1.181112165450771967e-01 5.000000000000000000e+00 4.900000000000000000e+01 3.000000000000000000e+00
2.655609133301615743e-01 7.000000000000000000e+00 1.740762770972572593e-01 1.000000000000000000e+00 4.900000000000000000e+01 3.000000000000000000e+00
2.914629314797392290e-01 1.100000000000000000e+01 6.003142938449488458e-02 1.000000000000000000e+00 4.900000000000000000e+01 4.000000000000000000e+00
2.161551562085021472e-01 9.000000000000000000e+00 1.637881843298245044e-01 2.000000000000000000e+00 4.900000000000000000e+01 5.000000000000000000e+00
2.567614979689446519e-01 1.400000000000000000e+01 1.351954437681693044e-01 6.000000000000000000e+00 4.900000000000000000e+01 2.000000000000000000e+00
2.620898437500001621e-01 8.000000000000000000e+00 6.354155663901334128e-02 4.000000000000000000e+00 4.900000000000000000e+01 4.000000000000000000e+00
1.272317561126931618e-01 1.400000000000000000e+01 1.723431284607452874e-01 2.000000000000000000e+00 4.900000000000000000e+01 5.000000000000000000e+00
2.106300214671910642e-01 1.000000000000000000e+00 1.909341099530690866e-01 1.000000000000000000e+00 4.900000000000000000e+01 7.000000000000000000e+00
3.060499620746384708e-01 2.000000000000000000e+00 1.500498801761103729e-01 6.000000000000000000e+00 4.900000000000000000e+01 8.000000000000000000e+00
3.226727919433178271e-01 1.000000000000000000e+00 1.849966339720673647e-01 1.000000000000000000e+00 4.900000000000000000e+01 8.000000000000000000e+00
3.456529474536007007e-01 1.000000000000000000e+00 8.029492187499986944e-02 4.000000000000000000e+00 4.900000000000000000e+01 1.000000000000000000e+00
3.904533740701079947e-01 2.000000000000000000e+00 2.165715507372759363e-01 1.000000000000000000e+00 4.900000000000000000e+01 9.000000000000000000e+00
2.437480927219800586e-01 1.100000000000000000e+01 8.209422229114406167e-02 2.000000000000000000e+00 4.900000000000000000e+01 9.000000000000000000e+00
2.379923550438019508e-01 2.000000000000000000e+00 1.635017897408469756e-01 9.000000000000000000e+00 4.900000000000000000e+01 4.000000000000000000e+00
1.706636449788725418e-01 1.400000000000000000e+01 2.297244268164998215e-01 2.000000000000000000e+00 4.900000000000000000e+01 9.000000000000000000e+00
2.645506900755180690e-01 1.400000000000000000e+01 7.109503455982654763e-02 3.000000000000000000e+00 4.900000000000000000e+01 3.000000000000000000e+00
3.976900285179901240e-01 1.300000000000000000e+01 8.452588484979574324e-02 7.000000000000000000e+00 4.900000000000000000e+01 1.000000000000000000e+00
3.479801030113195415e-01 6.000000000000000000e+00 1.819408300961374847e-01 1.000000000000000000e+00 4.900000000000000000e+01 1.000000000000000000e+00
3.875781250000002176e-01 1.400000000000000000e+01 8.012613260552105959e-03 4.000000000000000000e+00 4.900000000000000000e+01 9.000000000000000000e+00
2.927041150942010783e-01 1.000000000000000000e+00 4.174949985975694167e-02 5.000000000000000000e+00 4.900000000000000000e+01 1.000000000000000000e+00
3.901697429778309689e-01 1.400000000000000000e+01 7.216750157031862067e-02 8.000000000000000000e+00 4.900000000000000000e+01 4.000000000000000000e+00
8.249314757415444899e-02 1.400000000000000000e+01 1.387805943521430718e-01 1.000000000000000000e+00 4.900000000000000000e+01 4.000000000000000000e+00
1.489132274944018342e-01 1.400000000000000000e+01 1.824109627392692667e-01 5.000000000000000000e+00 4.900000000000000000e+01 9.000000000000000000e+00
2.397476357648152534e-01 9.000000000000000000e+00 1.867308256423617085e-01 8.000000000000000000e+00 4.900000000000000000e+01 2.000000000000000000e+00
3.539627681577598994e-01 1.400000000000000000e+01 1.783824614304554412e-01 8.000000000000000000e+00 4.900000000000000000e+01 2.000000000000000000e+00
1.103189639326121740e-01 1.100000000000000000e+01 1.391142793587967497e-01 8.000000000000000000e+00 4.900000000000000000e+01 9.000000000000000000e+00
2.247683620840104368e-01 2.000000000000000000e+00 1.835015493482020643e-01 9.000000000000000000e+00 4.900000000000000000e+01 4.000000000000000000e+00
2.442711972881456139e-01 1.400000000000000000e+01 7.669288608846121236e-02 2.000000000000000000e+00 4.900000000000000000e+01 6.000000000000000000e+00
1.627170381214311859e-02 1.400000000000000000e+01 7.398415452946642545e-02 1.000000000000000000e+00 4.900000000000000000e+01 3.000000000000000000e+00
4.220908732366459026e-01 1.400000000000000000e+01 7.134393593625838748e-02 1.000000000000000000e+00 1.900000000000000000e+01 1.000000000000000000e+00
4.175429687500002984e-01 1.400000000000000000e+01 3.303906855177080049e-02 1.000000000000000000e+00 3.600000000000000000e+01 1.000000000000000000e+00
4.373049945898978552e-01 1.300000000000000000e+01 1.138238072581006233e-01 6.000000000000000000e+00 4.900000000000000000e+01 6.000000000000000000e+00
3.170851193893327591e-01 1.400000000000000000e+01 2.157680291327797872e-01 1.000000000000000000e+00 4.900000000000000000e+01 1.000000000000000000e+00
3.587461377483607827e-01 1.200000000000000000e+01 1.650140981938313656e-01 9.000000000000000000e+00 4.900000000000000000e+01 1.000000000000000000e+00
1.219587001722731295e-01 1.100000000000000000e+01 4.527665053757124608e-02 2.000000000000000000e+00 4.900000000000000000e+01 9.000000000000000000e+00
2.330678909776320307e-01 1.300000000000000000e+01 1.410200652491696294e-01 3.000000000000000000e+00 4.900000000000000000e+01 9.000000000000000000e+00
2.579631792588530370e-01 1.300000000000000000e+01 5.458543053635309811e-02 1.000000000000000000e+00 4.900000000000000000e+01 8.000000000000000000e+00
4.457887309621225702e-01 1.000000000000000000e+00 1.057400409986473389e-01 1.000000000000000000e+00 4.900000000000000000e+01 2.000000000000000000e+00
3.062298212143078069e-01 1.400000000000000000e+01 1.117646513185438367e-01 3.000000000000000000e+00 4.900000000000000000e+01 6.000000000000000000e+00
1.570839843749997078e-01 1.000000000000000000e+00 1.329291342358379924e-01 1.000000000000000000e+00 4.900000000000000000e+01 1.000000000000000000e+00
1.659669959267338069e-01 1.400000000000000000e+01 6.614440986994470084e-02 1.000000000000000000e+00 4.900000000000000000e+01 1.000000000000000000e+00
2.538745702383728986e-01 8.000000000000000000e+00 1.342285414885844297e-01 4.000000000000000000e+00 4.900000000000000000e+01 9.000000000000000000e+00
3.073954869921459165e-01 1.000000000000000000e+01 1.647441788087499193e-01 7.000000000000000000e+00 4.900000000000000000e+01 8.000000000000000000e+00
2.384410953559084057e-01 1.400000000000000000e+01 1.259615165266187442e-01 5.000000000000000000e+00 4.900000000000000000e+01 1.000000000000000000e+00
2.156733524201943086e-01 1.400000000000000000e+01 1.487609631408923216e-01 4.000000000000000000e+00 4.900000000000000000e+01 6.000000000000000000e+00
1.642473808234371224e-01 1.400000000000000000e+01 1.590693969278220155e-01 6.000000000000000000e+00 4.900000000000000000e+01 8.000000000000000000e+00
