2.945726940618702550e-01
1.077884423827035892e-01
2.191030543839720714e-03
2.978903694249574949e-02
5.152904283789801893e-02
3.799130849606227045e-01
4.098641461147924381e-01
1.467922522993321821e-01
2.035290932222413307e-01
3.144846069239387032e-01
2.462137986383551858e-01
1.839443578308172789e-01
4.599948861545910539e-01
3.881197826933430184e-02
2.896860002204575402e-01
4.366522710420828735e-01
3.972967116558058231e-01
7.833620852171058885e-03
2.995267379278609976e-01
2.001772804063482736e-01
2.076156366520573171e-01
3.398163113564467985e-01
4.940292982200685246e-01
2.069528316150223424e-01
1.689521660026212790e-01
4.629171152797353916e-01
4.004744380787199076e-01
4.663946572783292388e-01
1.385537343029777102e-01
1.265502636433624983e-01
4.184147778356744896e-01
1.347570762025169511e-01
1.772609174252978703e-02
4.548848033955978087e-02
1.045231271221837427e-01
2.106981700518272826e-01
1.370592978607429457e-01
4.767136860288425648e-01
3.647755142453918964e-01
4.349051468582840752e-01
1.649018725311643674e-01
1.573896416200143977e-01
1.785494256462796109e-02
2.487386447015881019e-02
3.207307043193028950e-01
3.499364498794877987e-01
5.331545730391768628e-02
5.750381427228108515e-03
5.655750561854325231e-02
3.873032957317238401e-01
4.510444187611091782e-01
8.246728659741639836e-03
5.113357148842189170e-01
3.858948000898333452e-01
3.706461601697889630e-01
4.931594044756836270e-01
1.112506670951127347e-01
2.713244501129469799e-01
3.289670109323176161e-01
9.197367022998936825e-02
1.732381718219020705e-01
2.047670515002826819e-01
2.235589720160684191e-01
2.330359895899083711e-01
2.082379510312844517e-01
2.179496992166395919e-01
1.714449662032451194e-01
1.967327722651773525e-01
2.356079024869043859e-01
1.188128672522754947e-01
1.640035510623255033e-01
1.680793461588332982e-01
1.074543533936466871e-01
2.361672115961504503e-01
2.489109738136283112e-01
2.145767322289622858e-01
1.830423796382814605e-01
2.067526424640941662e-01
2.260950064995546904e-01
1.716343147412681402e-01
1.658748011011025592e-01
2.308413929651357832e-01
2.155714687252434647e-01
2.111363170364717046e-01
2.197712092745817691e-01
2.145446335769795043e-01
1.874189524865723933e-01
2.494309274596421822e-01
2.440508142623513677e-01
1.611829548761048170e-01
2.183969984041938261e-01
1.948424892513228313e-01
2.130587931763568421e-01
2.079270569610602581e-01
2.307579101015141132e-01
2.462418607925910830e-01
2.009952797074318620e-01
2.365379938071052457e-01
2.162407248225538536e-01
1.765963273180940485e-01
2.114876545953487397e-01
2.271865691002050158e-01
2.260133197229728386e-01
1.996932071519939011e-01
2.329062489444705120e-01
2.073150907150257960e-01
2.215653965374888013e-01
2.027989220322035935e-01
2.109076662606924890e-01
2.316167685559768763e-01
1.982055468531598863e-01
2.296061788124477698e-01
2.064194152723449749e-01
1.797207769693589807e-01
2.357120903530770251e-01
1.346679677792225749e-01
2.307663356316418668e-01
2.034729392069873632e-01
1.266622724039322689e-01
2.056267749162277447e-01
2.103097383461406400e-01
1.882693910933219972e-01
1.680265966979195558e-01
1.644814107400794090e-01
2.327840227007761664e-01
2.424714015859482374e-01
2.446421853120228640e-01
1.647783570361525951e-01
2.408902282211885792e-01
2.333400508023129871e-01
2.062546454037186838e-01
1.576671881298916111e-01
2.169084083919396166e-01
1.813772936942371350e-01
1.911565205237076570e-01
1.625476990664036503e-01
9.439663065730323488e-02
7.411315593952988445e-02
2.404930178636141558e-01
7.740489484519690044e-02
1.118015387600697352e-01
1.095404523845514289e-01
1.852586324009326824e-01
2.002719824849190089e-01
1.507717847128927924e-01
2.043186252033470374e-01
1.962571126605331118e-01
2.007261754237345264e-01
2.522358864391500144e-01
1.551172748794839851e-01
2.373576376781267594e-01
2.215725927180333121e-01
1.883757924464092015e-01
2.117647115011094261e-01
2.386458531656360793e-01
2.343193034358959925e-01
2.200502202662453222e-01
5.806333044369817176e-02
2.261183495755002548e-01
1.959786545601942542e-01
2.542412882206269709e-01
1.947395969754745770e-01
7.459672038889234025e-02
2.092932918493467798e-01
2.096198566089899074e-01
2.241029629135642479e-02
1.527383969297368416e-01
8.935866435968957411e-02
1.560178706583469077e-01
2.469727944100599537e-01
2.436657753540742433e-01
2.304570369537147223e-01
2.218316180453279163e-01
1.980450478910564527e-01
2.146737077787656267e-01
4.755994822402985212e-01
1.850058801299181988e-01
2.097674999235658866e-01
4.868888240723786565e-01
1.456498547796808984e-01
1.769866145828948578e-01
5.887181400087969363e-02
1.960228716530555693e-01
2.146801559352250199e-01
5.108486957148806740e-01
9.668961328451199100e-02
1.964033492374205048e-01
6.476429155292824646e-02
2.321701094716035474e-01
2.077571026085281158e-01
2.189303888307862211e-01
1.298336834732585765e-01
3.044032924917259297e-01
2.466417156766927410e-01
9.529470500144089640e-02
2.353651606666273266e-01
2.426716018316911472e-01
1.575577762644894408e-01
5.055117307648274716e-01
7.044349763820380306e-02
4.873497634266845124e-01
2.226059291288107478e-01
1.351399158807397027e-01
2.323596373144605765e-01
2.084799845150286102e-01
1.137372453547769030e-01
2.321839879018240127e-01
1.565233886742125602e-01
4.944707017281221306e-01
8.863307628729032162e-02
2.323579239647386441e-01
1.503731683189794555e-01
5.118286295743394998e-01
5.103843264361590526e-01
1.484634586430766401e-01
1.561053662331090240e-02
1.650229756758046784e-01
1.848321178046234137e-01
1.267061738109684366e-01
1.700794347723970923e-01
2.624302816555431142e-02
2.018306385844313364e-02
4.383759618491957395e-03
4.807727823607703121e-01
4.532190098128690003e-01
6.868873157996352452e-02
3.338026086634142686e-01
3.749099684275275512e-01
1.877088995217938427e-01
7.226235240913372881e-02
1.668221960651957159e-01
5.021544348240445377e-01
5.118230464001000124e-01
2.430321354748594398e-01
6.966002925785511057e-02
1.920178253512983546e-01
4.427852464881049804e-03
1.610965667670265916e-02
5.103619684300836346e-01
5.059959244781381260e-01
1.692498494342569437e-01
1.958815507634524000e-01
1.776644866321279437e-01
1.988634008497419114e-01
2.101957040204048555e-01
2.446817411929323449e-01
1.469471499753516874e-01
2.014795691487953899e-01
2.450227701179742701e-01
6.693657588543430736e-02
2.210647641216117731e-01
5.118230464001000124e-01
2.206148445690908066e-01
2.378582433676115215e-01
2.327664657422170158e-01
2.496200768333548536e-01
1.799800800338704210e-01
2.073503307791212114e-01
2.383521251206147662e-01
2.076692887541011778e-01
2.310899966001120909e-01
1.776123891951788825e-01
1.934667971728479263e-01
2.161188447607536312e-01
1.357220518563189982e-01
1.752030797161668041e-01
2.277005052228193438e-01
1.841323684255189164e-01
2.289102518828763921e-01
2.014102054561113242e-01
2.339607841280760825e-01
2.400766724924109086e-01
2.135976281688868050e-01
2.355555585207879943e-01
1.746575970337514438e-01
2.363525423133008563e-01
1.961026157385311885e-01
2.222152294421099739e-01
2.223621458804394546e-01
1.017620494974793843e-01
2.362746545658464536e-01
1.908729907052609531e-01
2.420610111093662864e-01
2.015764226369030632e-01
2.518269638811895250e-01
2.194587867875244236e-01
2.240088731919098741e-01
2.382196010871752423e-01
2.357071741248972785e-01
2.494185440207287996e-01
2.115510059332922077e-01
5.069640707574890603e-01
1.853702297238121743e-01
5.108487032620521173e-01
2.433349101155081184e-01
1.535292157368987331e-01
2.361728721635861505e-01
2.354474834916962245e-01
2.093699290298663696e-01
2.044422102535879138e-01
