1.000000000000000000e+01 8.218699691206208247e-01
5.100000000000000000e+02 5.781975208476451966e-01
1.010000000000000000e+03 4.379560545894006784e-01
1.510000000000000000e+03 4.739012535958077588e-01
2.010000000000000000e+03 4.673520455120538375e-01
2.510000000000000000e+03 4.568528071816256309e-01
3.010000000000000000e+03 4.600811217065143843e-01
3.510000000000000000e+03 4.790869804850367286e-01
4.010000000000000000e+03 4.521295052797463798e-01
4.510000000000000000e+03 4.538492349744472909e-01
5.010000000000000000e+03 4.718577195469935703e-01
5.510000000000000000e+03 4.568433712809675251e-01
6.010000000000000000e+03 4.635899124507921187e-01
6.510000000000000000e+03 4.572822810488589296e-01
7.010000000000000000e+03 4.768060567663611193e-01
7.510000000000000000e+03 4.589339554881850525e-01
8.010000000000000000e+03 4.663390161136767853e-01
8.510000000000000000e+03 4.747309350907215619e-01
9.010000000000000000e+03 4.548609925622478789e-01
9.510000000000000000e+03 4.597636859700980905e-01
