5.000000000000000278e-02 5.000000000000000000e+00 8.999999999999999667e-02 4.000000000000000000e+00
5.000000000000000278e-02 6.000000000000000000e+00 1.000000000000000056e-01 1.000000000000000000e+00
1.000000000000000021e-02 1.000000000000000000e+01 4.000000000000000083e-02 6.000000000000000000e+00
1.000000000000000021e-02 8.000000000000000000e+00 5.999999999999999778e-02 7.000000000000000000e+00
1.000000000000000021e-02 7.000000000000000000e+00 8.999999999999999667e-02 4.000000000000000000e+00
1.000000000000000021e-02 8.000000000000000000e+00 5.999999999999999778e-02 7.000000000000000000e+00
1.000000000000000021e-02 7.000000000000000000e+00 5.000000000000000278e-02 8.000000000000000000e+00
1.000000000000000021e-02 5.000000000000000000e+00 8.000000000000000167e-02 1.000000000000000000e+01
1.000000000000000021e-02 7.000000000000000000e+00 5.999999999999999778e-02 8.000000000000000000e+00
1.000000000000000021e-02 8.000000000000000000e+00 5.999999999999999778e-02 7.000000000000000000e+00
1.000000000000000021e-02 7.000000000000000000e+00 5.999999999999999778e-02 6.000000000000000000e+00
5.000000000000000278e-02 8.000000000000000000e+00 7.000000000000000666e-02 4.000000000000000000e+00
1.000000000000000021e-02 8.000000000000000000e+00 8.000000000000000167e-02 6.000000000000000000e+00
1.000000000000000021e-02 9.000000000000000000e+00 4.000000000000000083e-02 1.000000000000000000e+01
1.000000000000000021e-02 8.000000000000000000e+00 8.999999999999999667e-02 5.000000000000000000e+00
1.000000000000000021e-02 6.000000000000000000e+00 1.000000000000000056e-01 7.000000000000000000e+00
1.000000000000000021e-02 7.000000000000000000e+00 5.999999999999999778e-02 9.000000000000000000e+00
1.000000000000000021e-02 1.000000000000000000e+01 5.000000000000000278e-02 5.000000000000000000e+00
1.000000000000000021e-02 5.000000000000000000e+00 1.000000000000000056e-01 1.000000000000000000e+01
5.000000000000000278e-02 3.000000000000000000e+00 1.000000000000000056e-01 1.000000000000000000e+01
5.000000000000000278e-02 5.000000000000000000e+00 5.000000000000000278e-02 5.000000000000000000e+00
5.000000000000000278e-02 4.000000000000000000e+00 1.000000000000000056e-01 9.000000000000000000e+00
1.000000000000000021e-02 7.000000000000000000e+00 8.999999999999999667e-02 9.000000000000000000e+00
5.000000000000000278e-02 4.000000000000000000e+00 1.000000000000000056e-01 6.000000000000000000e+00
1.000000000000000056e-01 9.000000000000000000e+00 2.000000000000000042e-02 8.000000000000000000e+00
5.000000000000000278e-02 4.000000000000000000e+00 8.999999999999999667e-02 9.000000000000000000e+00
1.000000000000000021e-02 5.000000000000000000e+00 8.999999999999999667e-02 1.000000000000000000e+01
1.000000000000000021e-02 7.000000000000000000e+00 8.999999999999999667e-02 6.000000000000000000e+00
1.000000000000000056e-01 3.000000000000000000e+00 8.000000000000000167e-02 9.000000000000000000e+00
1.000000000000000056e-01 4.000000000000000000e+00 7.000000000000000666e-02 9.000000000000000000e+00
1.000000000000000021e-02 8.000000000000000000e+00 1.000000000000000056e-01 4.000000000000000000e+00
1.000000000000000056e-01 1.000000000000000000e+01 2.000000000000000042e-02 8.000000000000000000e+00
1.000000000000000021e-02 5.000000000000000000e+00 8.000000000000000167e-02 1.000000000000000000e+01
1.000000000000000021e-02 9.000000000000000000e+00 5.000000000000000278e-02 4.000000000000000000e+00
1.000000000000000021e-02 9.000000000000000000e+00 5.000000000000000278e-02 4.000000000000000000e+00
1.000000000000000021e-02 7.000000000000000000e+00 5.999999999999999778e-02 7.000000000000000000e+00
1.000000000000000021e-02 7.000000000000000000e+00 8.000000000000000167e-02 4.000000000000000000e+00
1.000000000000000056e-01 4.000000000000000000e+00 8.000000000000000167e-02 7.000000000000000000e+00
1.000000000000000056e-01 3.000000000000000000e+00 8.000000000000000167e-02 7.000000000000000000e+00
1.000000000000000021e-02 8.000000000000000000e+00 7.000000000000000666e-02 5.000000000000000000e+00
1.000000000000000021e-02 9.000000000000000000e+00 5.000000000000000278e-02 6.000000000000000000e+00
1.000000000000000056e-01 4.000000000000000000e+00 8.000000000000000167e-02 6.000000000000000000e+00
1.000000000000000056e-01 3.000000000000000000e+00 7.000000000000000666e-02 6.000000000000000000e+00
1.000000000000000021e-02 9.000000000000000000e+00 5.000000000000000278e-02 6.000000000000000000e+00
1.000000000000000056e-01 8.000000000000000000e+00 2.999999999999999889e-02 1.000000000000000000e+01
1.000000000000000021e-02 1.000000000000000000e+01 5.000000000000000278e-02 9.000000000000000000e+00
1.000000000000000021e-02 9.000000000000000000e+00 4.000000000000000083e-02 1.000000000000000000e+01
5.000000000000000278e-02 5.000000000000000000e+00 5.999999999999999778e-02 5.000000000000000000e+00
1.000000000000000021e-02 7.000000000000000000e+00 7.000000000000000666e-02 7.000000000000000000e+00
1.000000000000000056e-01 7.000000000000000000e+00 5.999999999999999778e-02 1.000000000000000000e+00
5.000000000000000278e-02 9.000000000000000000e+00 2.999999999999999889e-02 8.000000000000000000e+00
5.000000000000000278e-02 5.000000000000000000e+00 5.999999999999999778e-02 6.000000000000000000e+00
1.000000000000000056e-01 4.000000000000000000e+00 8.999999999999999667e-02 5.000000000000000000e+00
1.000000000000000056e-01 1.000000000000000000e+01 2.000000000000000042e-02 1.000000000000000000e+01
5.000000000000000278e-02 3.000000000000000000e+00 1.000000000000000056e-01 8.000000000000000000e+00
1.000000000000000021e-02 9.000000000000000000e+00 5.999999999999999778e-02 2.000000000000000000e+00
5.000000000000000278e-02 5.000000000000000000e+00 5.000000000000000278e-02 5.000000000000000000e+00
5.000000000000000278e-02 3.000000000000000000e+00 8.999999999999999667e-02 8.000000000000000000e+00
1.000000000000000056e-01 3.000000000000000000e+00 7.000000000000000666e-02 1.000000000000000000e+01
1.000000000000000021e-02 8.000000000000000000e+00 8.999999999999999667e-02 2.000000000000000000e+00
4.298967157293567265e-01 1.400000000000000000e+01 1.030801086529076760e-01 1.000000000000000000e+00
1.490012570839129580e-01 7.000000000000000000e+00 2.316580318714521469e-01 1.000000000000000000e+00
4.998984375000002922e-01 8.000000000000000000e+00 1.454160271394855652e-01 3.000000000000000000e+00
2.319200386696846916e-01 1.000000000000000000e+00 1.845196014734855894e-01 1.000000000000000000e+00
1.640742345339075703e-01 9.000000000000000000e+00 1.961815337569038642e-01 1.000000000000000000e+00
4.751937098073854941e-03 8.000000000000000000e+00 1.379650435510403339e-01 2.000000000000000000e+00
9.360737699245162691e-03 8.000000000000000000e+00 7.469069862335241117e-02 2.000000000000000000e+00
1.580610250146626677e-02 8.000000000000000000e+00 8.873031354602491094e-02 2.000000000000000000e+00
3.023220484983664413e-03 8.000000000000000000e+00 1.209753182600985660e-01 2.000000000000000000e+00
1.404250669662238105e-04 8.000000000000000000e+00 1.155538633640101898e-01 2.000000000000000000e+00
1.853305675764407023e-01 1.400000000000000000e+01 1.437367804121561510e-01 4.000000000000000000e+00
7.829402087668420329e-02 8.000000000000000000e+00 1.937049295328415743e-01 3.000000000000000000e+00
1.715997678168794047e-03 8.000000000000000000e+00 1.940317801429765898e-01 3.000000000000000000e+00
8.367207973188349468e-02 8.000000000000000000e+00 1.758895368344666754e-01 3.000000000000000000e+00
1.511746823203135442e-04 8.000000000000000000e+00 3.277154508997730253e-02 3.000000000000000000e+00
2.636094732009786612e-01 1.400000000000000000e+01 1.434824296881143657e-01 1.000000000000000000e+00
2.010842518311303784e-01 9.000000000000000000e+00 1.190050499852876587e-01 1.000000000000000000e+00
6.865924333106390720e-02 8.000000000000000000e+00 2.398692432046509171e-01 3.000000000000000000e+00
2.358754101697083660e-01 8.000000000000000000e+00 1.060466840415188322e-01 1.000000000000000000e+00
1.561774761438672506e-02 8.000000000000000000e+00 6.341832005223631274e-02 3.000000000000000000e+00
3.204743686523096879e-02 8.000000000000000000e+00 1.045370536723222582e-01 3.000000000000000000e+00
1.912817142262099920e-03 8.000000000000000000e+00 2.159030059421703229e-01 3.000000000000000000e+00
5.792626143561888791e-02 8.000000000000000000e+00 1.788104422724117182e-01 3.000000000000000000e+00
6.526766674056485792e-04 8.000000000000000000e+00 1.879574517015413226e-01 3.000000000000000000e+00
1.842037780197720853e-01 8.000000000000000000e+00 1.366740865655395876e-01 1.000000000000000000e+00
8.048745985922389767e-02 8.000000000000000000e+00 2.481041628379410113e-01 3.000000000000000000e+00
3.139367327246820466e-04 8.000000000000000000e+00 2.201402815658264345e-01 3.000000000000000000e+00
8.765225454382746459e-04 8.000000000000000000e+00 5.454166656965966919e-02 3.000000000000000000e+00
1.133027343749997140e-01 1.400000000000000000e+01 1.513351899653985755e-01 9.000000000000000000e+00
1.859292560366422042e-01 9.000000000000000000e+00 2.071959417125902592e-01 1.000000000000000000e+00
2.705008474694669054e-04 9.000000000000000000e+00 8.950141114948501064e-02 3.000000000000000000e+00
3.062851135712222825e-03 8.000000000000000000e+00 2.192691159118787814e-01 4.000000000000000000e+00
3.843507981033325235e-03 8.000000000000000000e+00 2.012383292836142368e-01 4.000000000000000000e+00
7.907292427779443605e-03 8.000000000000000000e+00 1.789860614837648356e-01 4.000000000000000000e+00
1.428283354273737760e-02 8.000000000000000000e+00 2.013292880598059331e-01 4.000000000000000000e+00
2.081459203200271557e-01 8.000000000000000000e+00 2.492482956887445145e-01 4.000000000000000000e+00
8.750566370807968952e-04 8.000000000000000000e+00 9.337784928504917759e-02 4.000000000000000000e+00
3.012876082562162758e-02 8.000000000000000000e+00 1.848701688492307149e-01 4.000000000000000000e+00
4.593632896634849971e-04 8.000000000000000000e+00 1.722522661915061870e-01 4.000000000000000000e+00
1.743451792363178571e-04 8.000000000000000000e+00 1.677373082249108693e-01 4.000000000000000000e+00
1.670905595518994667e-03 8.000000000000000000e+00 1.768998848453718908e-01 4.000000000000000000e+00
4.968653177273539556e-04 8.000000000000000000e+00 1.362440966291210420e-01 4.000000000000000000e+00
3.333225465559402911e-02 8.000000000000000000e+00 2.487240237497232442e-01 4.000000000000000000e+00
1.503345256968916313e-04 8.000000000000000000e+00 1.852178368606093584e-01 4.000000000000000000e+00
3.891242260713047990e-03 8.000000000000000000e+00 1.255501723944184578e-01 4.000000000000000000e+00
2.107629854302744618e-03 8.000000000000000000e+00 1.916737073280094239e-01 4.000000000000000000e+00
2.750198395573728583e-01 1.400000000000000000e+01 1.493574218750000904e-01 4.000000000000000000e+00
2.891698818581244293e-03 8.000000000000000000e+00 1.844184888087959662e-01 4.000000000000000000e+00
1.761330269520398374e-03 8.000000000000000000e+00 2.468649170558507855e-01 4.000000000000000000e+00
2.393220170477267095e-02 8.000000000000000000e+00 2.093601720792918064e-01 4.000000000000000000e+00
7.343019752492024876e-02 8.000000000000000000e+00 1.775849514676771379e-01 4.000000000000000000e+00
2.196978849628373771e-03 8.000000000000000000e+00 1.391881661559219163e-01 4.000000000000000000e+00
1.187575175482282093e-03 8.000000000000000000e+00 1.872762681989314226e-01 4.000000000000000000e+00
3.937527978671650358e-03 8.000000000000000000e+00 2.290955086474169289e-01 4.000000000000000000e+00
1.186181299283884938e-01 8.000000000000000000e+00 2.496806704847695790e-01 4.000000000000000000e+00
2.037257820996080659e-01 1.400000000000000000e+01 1.824423828125001368e-01 9.000000000000000000e+00
3.017700605380503331e-01 1.400000000000000000e+01 9.592285156250004996e-02 4.000000000000000000e+00
1.900515134138232656e-02 8.000000000000000000e+00 1.631887471576389248e-01 4.000000000000000000e+00
1.131208216054437887e-01 8.000000000000000000e+00 2.361521460412693008e-01 4.000000000000000000e+00
3.461681737606668585e-02 8.000000000000000000e+00 1.630766148956931949e-01 4.000000000000000000e+00
6.850632863554832405e-04 8.000000000000000000e+00 1.734683258770690906e-01 4.000000000000000000e+00
2.371698006133327562e-04 8.000000000000000000e+00 1.472056562758656817e-01 4.000000000000000000e+00
5.986123914699052057e-04 8.000000000000000000e+00 1.310302826050198655e-01 4.000000000000000000e+00
2.746202758592396903e-02 8.000000000000000000e+00 2.022555661485704037e-01 4.000000000000000000e+00
1.275665373891476939e-01 6.000000000000000000e+00 8.700895211708406518e-02 1.000000000000000000e+00
1.148840015251112803e-02 1.400000000000000000e+01 1.023836316344273883e-01 5.000000000000000000e+00
1.775644347637612142e-01 5.000000000000000000e+00 6.303820932312141634e-02 1.000000000000000000e+00
5.124324173549556216e-02 7.000000000000000000e+00 1.610194881449033832e-01 5.000000000000000000e+00
4.015211438530512655e-01 5.000000000000000000e+00 9.522818367945161400e-02 1.000000000000000000e+00
1.594437632452355147e-01 5.000000000000000000e+00 1.490160639325057435e-01 1.000000000000000000e+00
1.661321888312833894e-01 5.000000000000000000e+00 1.722867279342385760e-01 1.000000000000000000e+00
1.779664855222112263e-01 5.000000000000000000e+00 8.680706081685925224e-02 1.000000000000000000e+00
1.510116965868227579e-01 5.000000000000000000e+00 1.448733778293079255e-01 1.000000000000000000e+00
4.239942065202506605e-01 1.400000000000000000e+01 7.838163737877143489e-02 6.000000000000000000e+00
4.548657488612461997e-01 1.400000000000000000e+01 1.431230942347028190e-01 9.000000000000000000e+00
4.398531805714641640e-01 1.400000000000000000e+01 6.837109375000002820e-02 6.000000000000000000e+00
1.867680320291696394e-01 5.000000000000000000e+00 1.037308359530813018e-01 1.000000000000000000e+00
4.751214272197268329e-01 7.000000000000000000e+00 2.480039909936117559e-01 5.000000000000000000e+00
2.218294104345268913e-01 5.000000000000000000e+00 1.646872166613282951e-01 1.000000000000000000e+00
2.401978348691918841e-01 1.400000000000000000e+01 2.012672777638668115e-02 1.000000000000000000e+00
2.780362217011042025e-01 1.400000000000000000e+01 9.742578254055322962e-02 3.000000000000000000e+00
2.561159394739009887e-01 1.400000000000000000e+01 5.029093325976165263e-02 2.000000000000000000e+00
9.257812499998199773e-04 8.000000000000000000e+00 1.505780853662277430e-01 5.000000000000000000e+00
4.802517848089116748e-01 5.000000000000000000e+00 9.762487727145148508e-02 1.000000000000000000e+00
1.239987779379986884e-03 8.000000000000000000e+00 1.632714251556145468e-01 5.000000000000000000e+00
3.776500116035294563e-02 1.400000000000000000e+01 1.827587890625000933e-01 9.000000000000000000e+00
4.359394606613040124e-04 8.000000000000000000e+00 1.567581621211215082e-01 5.000000000000000000e+00
8.419790278202686495e-02 6.000000000000000000e+00 1.368136352427991587e-01 1.000000000000000000e+00
6.289970510175860521e-04 1.100000000000000000e+01 1.308981385442007095e-01 4.000000000000000000e+00
1.055009546079753724e-01 5.000000000000000000e+00 2.337554377436250885e-01 1.000000000000000000e+00
2.791966851172539635e-02 1.100000000000000000e+01 1.220468749999998881e-01 1.000000000000000000e+00
5.903397273630478850e-04 1.100000000000000000e+01 6.185837802271415553e-02 4.000000000000000000e+00
1.583390789518060796e-03 1.000000000000000000e+01 1.905983459483734932e-01 4.000000000000000000e+00
9.448480371470578676e-04 1.100000000000000000e+01 6.770400604851858906e-02 4.000000000000000000e+00
6.207630473576753599e-02 1.100000000000000000e+01 7.028684630944599665e-02 1.000000000000000000e+00
5.925101625385878479e-02 5.000000000000000000e+00 1.318356904524476680e-01 1.000000000000000000e+00
4.127656969428229461e-01 1.100000000000000000e+01 1.264651730198964319e-01 1.000000000000000000e+00
1.094022155947597663e-01 5.000000000000000000e+00 1.156060381083661298e-01 1.000000000000000000e+00
2.838799523892523990e-02 1.000000000000000000e+01 1.943271484375001246e-01 4.000000000000000000e+00
1.664383923008979638e-01 5.000000000000000000e+00 1.322035799395157030e-01 1.000000000000000000e+00
2.931401981731305284e-01 5.000000000000000000e+00 2.141049242336467984e-02 1.000000000000000000e+00
4.971672410523000907e-01 8.000000000000000000e+00 2.198161504790666909e-01 5.000000000000000000e+00
2.574452262490382615e-01 1.200000000000000000e+01 2.021297865190163356e-01 1.000000000000000000e+00
6.409650515771606050e-02 1.400000000000000000e+01 1.877441471166224340e-01 1.000000000000000000e+00
5.032064829282756335e-03 1.400000000000000000e+01 1.415928158522782310e-01 6.000000000000000000e+00
6.695694569794179152e-05 9.000000000000000000e+00 1.182587580964532536e-01 5.000000000000000000e+00
2.470703124999813760e-03 1.000000000000000000e+01 1.936189508766760214e-01 5.000000000000000000e+00
3.395382141602870663e-06 1.000000000000000000e+01 5.954514798117425262e-02 4.000000000000000000e+00
1.069905529316349333e-03 8.000000000000000000e+00 1.642636574503302249e-01 5.000000000000000000e+00
6.311199486032507185e-04 8.000000000000000000e+00 1.813403932378877259e-01 5.000000000000000000e+00
4.044858805702447602e-04 8.000000000000000000e+00 1.534145157680551763e-01 5.000000000000000000e+00
2.537249514273877057e-02 1.400000000000000000e+01 5.628320312499984768e-02 6.000000000000000000e+00
2.402100189041310452e-02 1.400000000000000000e+01 1.373544921875000935e-01 6.000000000000000000e+00
1.538411222328986416e-01 1.400000000000000000e+01 1.141317610669181082e-01 6.000000000000000000e+00
2.013912106144161163e-01 6.000000000000000000e+00 2.011784445606446536e-01 1.000000000000000000e+00
7.434902788652254790e-05 8.000000000000000000e+00 1.295765068061625891e-01 5.000000000000000000e+00
6.587613784205297029e-02 1.400000000000000000e+01 1.201062989149911248e-01 1.000000000000000000e+00
3.414426693529031831e-01 1.400000000000000000e+01 2.512139596494247090e-02 8.000000000000000000e+00
2.195658194216144055e-01 1.400000000000000000e+01 1.962669511382015008e-01 7.000000000000000000e+00
1.781100799307242522e-01 1.400000000000000000e+01 9.275200182686045569e-02 7.000000000000000000e+00
2.808522378314279311e-01 1.400000000000000000e+01 7.158175527017673900e-02 1.000000000000000000e+00
1.475602356701202766e-03 8.000000000000000000e+00 2.497710641795485020e-01 5.000000000000000000e+00
1.546890883557162644e-01 6.000000000000000000e+00 1.635595112174522969e-01 1.000000000000000000e+00
1.866666905760395734e-01 1.400000000000000000e+01 1.079655489305641897e-01 8.000000000000000000e+00
3.073477711752200525e-01 1.400000000000000000e+01 1.386236539847953975e-01 6.000000000000000000e+00
8.102040305522049957e-04 8.000000000000000000e+00 1.352240088099294080e-01 5.000000000000000000e+00
1.854362052089714719e-01 1.400000000000000000e+01 1.637799031293104834e-01 6.000000000000000000e+00
4.985626976987978520e-01 8.000000000000000000e+00 1.740581032742172241e-01 5.000000000000000000e+00
2.053335540034182949e-01 1.400000000000000000e+01 4.706010724295039971e-02 8.000000000000000000e+00
7.490429687499977618e-02 1.400000000000000000e+01 2.405590521105668289e-01 9.000000000000000000e+00
1.255209017107386874e-03 8.000000000000000000e+00 1.516963188779377469e-01 5.000000000000000000e+00
5.236891375267685445e-04 8.000000000000000000e+00 1.657285458496769170e-01 5.000000000000000000e+00
9.883248426080350549e-04 8.000000000000000000e+00 2.435848630618070443e-01 5.000000000000000000e+00
2.218809141192421841e-01 1.400000000000000000e+01 1.572052942704438294e-01 9.000000000000000000e+00
1.950295364774513873e-03 8.000000000000000000e+00 2.344767107474457490e-01 5.000000000000000000e+00
1.865758624530332865e-01 6.000000000000000000e+00 1.818728820220210651e-01 9.000000000000000000e+00
4.572228486886805721e-01 1.000000000000000000e+00 1.294702672972636026e-01 5.000000000000000000e+00
2.550380266762433124e-01 6.000000000000000000e+00 1.883789763586156130e-01 9.000000000000000000e+00
1.827728278888807456e-01 1.400000000000000000e+01 1.686556348664589866e-01 2.000000000000000000e+00
3.284277343750002243e-01 1.400000000000000000e+01 4.190155331040429365e-02 9.000000000000000000e+00
2.871202759503724833e-01 1.400000000000000000e+01 1.421530516177349213e-01 9.000000000000000000e+00
6.520557680681818291e-02 1.400000000000000000e+01 1.241603755106356344e-01 2.000000000000000000e+00
3.503793691018110557e-01 1.400000000000000000e+01 2.005501211107574844e-01 9.000000000000000000e+00
6.239389578896904071e-04 8.000000000000000000e+00 1.958656133375920316e-01 5.000000000000000000e+00
1.065501007634053494e-03 8.000000000000000000e+00 1.786205577685152091e-01 5.000000000000000000e+00
4.853002563504672517e-01 1.000000000000000000e+00 1.018362504890756443e-01 9.000000000000000000e+00
2.254038465920952805e-01 1.400000000000000000e+01 1.791319989686134817e-01 7.000000000000000000e+00
6.393826641734601246e-06 8.000000000000000000e+00 2.250068359375001492e-01 5.000000000000000000e+00
3.578301500536869989e-02 8.000000000000000000e+00 2.324130859375001523e-01 5.000000000000000000e+00
1.431280520572172643e-01 1.400000000000000000e+01 1.589164683857707816e-01 7.000000000000000000e+00
1.051789143410107596e-01 6.000000000000000000e+00 8.132139555696445143e-02 1.000000000000000000e+00
7.421086906503155875e-04 8.000000000000000000e+00 1.492065668587554128e-01 5.000000000000000000e+00
3.390907553055252932e-01 1.400000000000000000e+01 2.196126553486624500e-01 9.000000000000000000e+00
1.270804666108479516e-03 8.000000000000000000e+00 2.468100380309044273e-01 5.000000000000000000e+00
6.383567813016133297e-05 8.000000000000000000e+00 2.532226562499882011e-03 5.000000000000000000e+00
1.158203124999764022e-03 9.000000000000000000e+00 2.131361357594911410e-01 5.000000000000000000e+00
2.343373248975651538e-02 6.000000000000000000e+00 1.461560909405790754e-01 1.000000000000000000e+00
5.080840005909637025e-07 8.000000000000000000e+00 2.372234791812895260e-01 6.000000000000000000e+00
8.008693474621354780e-02 6.000000000000000000e+00 1.574010570873855264e-01 1.000000000000000000e+00
3.919279672894831340e-04 1.000000000000000000e+01 1.180717648416770987e-01 5.000000000000000000e+00
1.205006252898871144e-01 1.400000000000000000e+01 1.546301162632053583e-01 9.000000000000000000e+00
4.382195627891910528e-01 1.400000000000000000e+01 3.015203129298819548e-02 6.000000000000000000e+00
1.312730300677017372e-03 1.000000000000000000e+01 2.254070536445497430e-01 5.000000000000000000e+00
1.546048673376431391e-04 1.000000000000000000e+01 1.759175356444308558e-01 5.000000000000000000e+00
2.081767024068063507e-04 9.000000000000000000e+00 2.494636476978644712e-01 5.000000000000000000e+00
3.216699218749998757e-01 1.400000000000000000e+01 1.203028650887589535e-01 7.000000000000000000e+00
4.999544163634627725e-01 1.000000000000000000e+01 2.487062032907887965e-01 5.000000000000000000e+00
1.723587918535766927e-04 1.000000000000000000e+01 1.005028212684795363e-01 5.000000000000000000e+00
6.062073539888046536e-02 6.000000000000000000e+00 2.056697774287188363e-01 9.000000000000000000e+00
2.760373818735482043e-01 1.400000000000000000e+01 7.175554104103985809e-02 6.000000000000000000e+00
3.775538308172495666e-02 8.000000000000000000e+00 2.426369110211808178e-01 6.000000000000000000e+00
7.853727792039195965e-04 1.000000000000000000e+01 1.374794915098809522e-01 5.000000000000000000e+00
3.071223693081533979e-01 6.000000000000000000e+00 2.473717612555565715e-01 9.000000000000000000e+00
1.772871093749998073e-01 1.400000000000000000e+01 1.817044629462267469e-01 9.000000000000000000e+00
7.404351783230718118e-04 1.100000000000000000e+01 1.617362036781764545e-01 5.000000000000000000e+00
4.995021727148617474e-01 1.100000000000000000e+01 1.686595194781691232e-01 5.000000000000000000e+00
7.653832713461553028e-04 9.000000000000000000e+00 2.462399241991959364e-01 5.000000000000000000e+00
5.283543804916407752e-04 1.100000000000000000e+01 1.117929687499998881e-01 5.000000000000000000e+00
5.357239457331505750e-03 6.000000000000000000e+00 2.325032690888662879e-01 9.000000000000000000e+00
2.072132901342513267e-01 1.400000000000000000e+01 1.266064618102930028e-01 9.000000000000000000e+00
3.979672807815585328e-05 1.100000000000000000e+01 1.040865348110116134e-01 5.000000000000000000e+00
4.530978768161465602e-04 1.100000000000000000e+01 1.917425450593033820e-01 5.000000000000000000e+00
4.618113268816680383e-01 1.400000000000000000e+01 1.523104161319177863e-01 9.000000000000000000e+00
1.166015624999801326e-03 1.100000000000000000e+01 2.497923630148848051e-01 5.000000000000000000e+00
9.765295265879540831e-04 1.100000000000000000e+01 1.699172490393508206e-01 5.000000000000000000e+00
5.438704141186665592e-04 1.100000000000000000e+01 1.580229265433451824e-01 5.000000000000000000e+00
4.466162850632095227e-04 1.100000000000000000e+01 1.144870929345710442e-01 5.000000000000000000e+00
1.454165220711664541e-03 1.100000000000000000e+01 5.788752850839473663e-02 5.000000000000000000e+00
2.577863987481415764e-04 1.100000000000000000e+01 7.680785610740163694e-02 5.000000000000000000e+00
1.131034773733417993e-03 1.000000000000000000e+01 2.150445470711895291e-01 5.000000000000000000e+00
1.109172849928789090e-03 1.000000000000000000e+01 2.273742353366744740e-01 5.000000000000000000e+00
1.959678630746047694e-03 1.000000000000000000e+01 2.493239648167832057e-01 5.000000000000000000e+00
1.994275236002227281e-01 1.400000000000000000e+01 4.198222099083043224e-02 8.000000000000000000e+00
2.194075977057701864e-03 9.000000000000000000e+00 2.490421509137189793e-01 5.000000000000000000e+00
3.820288225759002620e-01 1.400000000000000000e+01 1.687705078125001090e-01 8.000000000000000000e+00
1.142358513973642511e-03 1.100000000000000000e+01 1.831750981448191096e-01 5.000000000000000000e+00
9.135792546003919379e-02 6.000000000000000000e+00 1.493535029182531948e-01 1.000000000000000000e+00
1.417662679019573296e-04 1.100000000000000000e+01 1.798802203976237468e-01 5.000000000000000000e+00
4.059371106218331166e-02 1.400000000000000000e+01 2.371373061893849166e-01 1.000000000000000000e+00
1.744352091774606373e-04 1.100000000000000000e+01 1.720781402351469203e-01 5.000000000000000000e+00
4.870308212049818952e-04 1.100000000000000000e+01 2.329228941710428102e-01 5.000000000000000000e+00
2.977937220810496569e-04 1.100000000000000000e+01 1.234267701562160591e-01 4.000000000000000000e+00
4.763159302963199983e-03 1.100000000000000000e+01 2.174769835477764202e-01 4.000000000000000000e+00
3.026758701794810685e-04 1.100000000000000000e+01 1.995082686468779842e-01 5.000000000000000000e+00
7.563748883468186107e-06 1.000000000000000000e+01 2.292626447519778565e-01 5.000000000000000000e+00
1.957573785759709750e-01 1.400000000000000000e+01 1.389427181467972894e-01 9.000000000000000000e+00
5.556326546866646038e-02 1.400000000000000000e+01 1.418314392200114571e-01 8.000000000000000000e+00
7.794403219192752585e-04 1.100000000000000000e+01 2.116649921937865386e-01 5.000000000000000000e+00
1.127558779837740249e-03 1.100000000000000000e+01 2.493959195435975218e-01 5.000000000000000000e+00
7.225655838564888633e-04 1.100000000000000000e+01 2.240381490393954789e-01 5.000000000000000000e+00
9.545255561304824554e-02 6.000000000000000000e+00 1.130339238433866744e-01 1.000000000000000000e+00
7.753906249999775735e-03 6.000000000000000000e+00 2.481210668601624425e-01 1.000000000000000000e+00
5.789736366505872714e-04 1.100000000000000000e+01 4.740346683493069924e-02 5.000000000000000000e+00
1.673821546467922083e-01 1.400000000000000000e+01 1.441241652563828857e-01 9.000000000000000000e+00
3.186967959645811144e-01 1.400000000000000000e+01 2.080510957692651430e-01 9.000000000000000000e+00
3.539256731729004124e-01 1.400000000000000000e+01 2.051014707471816509e-02 9.000000000000000000e+00
3.170716747652733633e-03 5.000000000000000000e+00 1.577879574655926265e-01 1.000000000000000000e+00
2.649179250605602012e-04 1.100000000000000000e+01 1.773457564657379970e-01 5.000000000000000000e+00
2.870460680819460486e-01 6.000000000000000000e+00 1.478721006020683459e-01 1.000000000000000000e+00
3.653756119223823713e-04 1.200000000000000000e+01 2.518718268913913705e-02 4.000000000000000000e+00
2.702642242006430412e-03 9.000000000000000000e+00 1.578802943430226147e-01 5.000000000000000000e+00
7.001143263729640853e-02 1.400000000000000000e+01 4.077047798132117651e-02 6.000000000000000000e+00
9.800491416923887145e-02 6.000000000000000000e+00 1.418746904433801637e-01 1.000000000000000000e+00
2.559757222184930181e-01 1.400000000000000000e+01 1.958139633021556414e-01 8.000000000000000000e+00
1.793613266275216611e-03 9.000000000000000000e+00 2.375598299663100321e-01 5.000000000000000000e+00
1.942641339830032676e-01 1.400000000000000000e+01 1.513607300771611652e-01 9.000000000000000000e+00
2.698399792868627634e-01 1.400000000000000000e+01 1.530396005501447054e-01 6.000000000000000000e+00
3.719303246855944489e-01 1.400000000000000000e+01 1.238454610974965148e-01 8.000000000000000000e+00
4.483181792228939713e-04 9.000000000000000000e+00 2.495582371382219777e-01 5.000000000000000000e+00
9.340338184802357557e-04 9.000000000000000000e+00 1.425605033948790790e-01 5.000000000000000000e+00
1.994645218913672635e-01 1.400000000000000000e+01 1.335467009004564776e-01 9.000000000000000000e+00
2.312066732661985091e-01 1.400000000000000000e+01 8.973064523547359672e-02 8.000000000000000000e+00
2.328374329338583903e-01 1.400000000000000000e+01 5.864221338310041109e-02 1.000000000000000000e+00
2.526046713928470910e-01 1.400000000000000000e+01 1.383844841972238227e-01 7.000000000000000000e+00
4.480205477283066492e-04 9.000000000000000000e+00 1.598371275258518298e-01 5.000000000000000000e+00
3.221708464597666972e-03 9.000000000000000000e+00 1.686356893189317474e-01 5.000000000000000000e+00
7.736539025112207368e-02 6.000000000000000000e+00 1.434870188552791748e-01 1.000000000000000000e+00
2.453831331681208955e-02 1.400000000000000000e+01 1.976306180072148200e-01 1.000000000000000000e+00
2.822646394340672799e-03 9.000000000000000000e+00 2.489622267506188258e-01 5.000000000000000000e+00
4.006776592962689454e-04 9.000000000000000000e+00 2.236209935143173289e-01 5.000000000000000000e+00
