1.131138659156986741e-02
3.251162707388274408e-03
2.278736957045013611e-01
1.627573042165276207e-01
2.882014856453128920e-03
1.837619307250392686e-01
2.909369282095752296e-01
2.675643037163508708e-01
2.478867309076242531e-01
1.171377472571533684e-01
1.323740815032868612e-01
3.228302403048583652e-02
1.288580786814098574e-03
1.039354226114543589e-01
1.210847089593346552e-03
4.728782499604679279e-02
8.504653871738650228e-02
7.666223721582603179e-02
4.924699169758169764e-02
2.304018654797383159e-01
4.446379448430184400e-01
2.464501922698299485e-01
2.127761742494613598e-02
2.737266421280186157e-01
4.433340245017148296e-01
4.484664024735419141e-01
1.132556461267554132e-01
3.149739088451777944e-03
4.376084041918434919e-01
4.756797789960146017e-01
9.495485579363806619e-03
4.540120387572553207e-01
2.150514956612514517e-01
3.255560997481302121e-02
1.238724439843478936e-01
5.926094349617008067e-02
1.613795117348102229e-02
3.283437316425851238e-01
3.427449607002741594e-01
6.077765024543881761e-02
2.556820388420117524e-02
4.692216838521871547e-01
4.513836042801844251e-01
1.603252046915775927e-02
3.523488393024075127e-01
2.158519015854108367e-02
1.140527950103240595e-01
1.421965156844819389e-01
2.755315588556951634e-02
1.029526876987129497e-02
2.680336946709092061e-01
4.714221862559378473e-01
2.238648725450282650e-01
4.656171173542799080e-01
3.162815080747767293e-01
2.240353140174743130e-02
4.281938622032331887e-01
3.260351815024191691e-01
4.317549170394013869e-01
1.632705918223001026e-02
1.799645022283369589e-01
2.065682768063032138e-01
1.901594697078405338e-01
5.084183325106389484e-01
2.124799510527280444e-01
1.962667746063306157e-02
8.762456823461865774e-02
2.923632971437690672e-02
4.619941011522695623e-02
3.422467933525624173e-01
2.326757792701000249e-01
1.865501320398292306e-01
2.417277714327429466e-03
1.744298426171329852e-01
4.997317729904373618e-01
2.192511835921107932e-01
1.635012827793199675e-01
2.020002796894631303e-01
1.417349295310515733e-01
2.993722622382177789e-01
8.074293824447718870e-02
6.872442732032567683e-03
1.677734967935732846e-01
2.017962541529763620e-01
1.552836195820276599e-01
2.025199343386991369e-01
1.250641618492565332e-01
4.546381505262548361e-01
2.351192486586211883e-01
2.100990234076123009e-01
2.441270396355446071e-01
5.324456660404076891e-02
1.890300454601506058e-02
6.608058434849857499e-02
1.222493542710632181e-01
2.285467491327272116e-01
1.672909129541327589e-01
1.555141775552128514e-01
1.756145990597277329e-01
1.590298922713390128e-01
4.606655963130296301e-03
1.089666421030101168e-01
1.884349706783484957e-01
1.411943551770031835e-01
3.525791181252023714e-03
1.357976906122883819e-02
2.347107858755766163e-01
2.732144348701528655e-02
1.251131124187159632e-02
1.536314981849510319e-01
1.806122023688297440e-01
2.003172987266587865e-02
5.549764811953796298e-03
3.555363595867246096e-02
2.191403321746250576e-01
2.477967092119727488e-01
2.104216034216026543e-01
1.093034149026160529e-01
2.161779005656671859e-01
1.479644987582371674e-01
1.221211432389689849e-01
1.365435016796384404e-01
2.446030496525304909e-01
1.577042656980200686e-01
1.293423185138939044e-02
1.285490957644473964e-01
1.537083526337046716e-02
1.658675336599392813e-01
5.711411210030491875e-02
1.293241783908682940e-01
1.480129662373431965e-01
1.953320708471108572e-02
1.246637898401518063e-01
2.055530745253701941e-01
2.436354753817850105e-01
1.903524933460429558e-01
5.560826023665611795e-02
2.379787815371818271e-01
1.337243964536976581e-01
7.872904097158198167e-02
2.055835764430009316e-01
1.339325323531532774e-01
1.218583230015467603e-02
6.969016579073920858e-02
3.419418785078476210e-03
2.353982293451898078e-01
3.567751695940997447e-02
2.916839715530754676e-02
5.678245713979258695e-03
1.349234290909547829e-01
1.181017167357960168e-01
1.247522414415236647e-01
5.283569648494169935e-02
1.099660997423211606e-01
9.002936116289997348e-02
4.122051720034212996e-02
2.028006303282588463e-01
7.160017937626418638e-02
1.885163197989119521e-01
7.909797356608429253e-02
5.093894985852278623e-01
2.284561374938093026e-01
2.241118390107643688e-01
2.152739519071033281e-01
1.522096480166745258e-01
8.520196463029351686e-02
7.890381507506311065e-02
3.206140873112954814e-01
2.846255463208470504e-02
1.089564148777137642e-02
1.356719014300936110e-01
9.987352536228115418e-02
2.079537578158811018e-01
2.268623148622947172e-01
1.783497276811044363e-01
1.519064696186960828e-01
1.751842711113777706e-01
1.997277707151681042e-02
2.496221605458330273e-01
2.105721818029409609e-01
1.527057066134863417e-01
1.558644972400488257e-02
9.547178862241957609e-02
2.254349649336497008e-01
2.382814544236707133e-01
1.244532074461614513e-01
2.412010849605833174e-01
2.221906194399281831e-01
1.331035634218498687e-01
2.471217884552094346e-01
2.445979950792787419e-02
7.051668930627819076e-02
7.557107946842125945e-03
2.445680995871863661e-01
2.657800077715017154e-02
1.887759549922094771e-01
4.954276932370136333e-01
1.872641561900625085e-01
2.287636768951535060e-01
1.391308440679639158e-01
2.405128235424568717e-01
2.035586892761658551e-01
2.523227912753504554e-01
3.520346521380262467e-02
7.952472793148221072e-03
4.935194118950328446e-01
2.468067534689331044e-01
4.446269981986875758e-02
1.970354798141532582e-01
2.384398439211014853e-01
5.905263335130436775e-02
3.255550787741827348e-03
2.532128250492024502e-01
4.850892891770535766e-03
5.098756401595954113e-01
3.194554045802940750e-02
1.287110925188285349e-02
5.620398050986277066e-02
6.235448012402770163e-02
2.901778641724670621e-02
2.391989731064884661e-01
5.098755198813346295e-02
7.898444794501231769e-02
3.762182771058040359e-02
5.000615536928539745e-02
2.326372742640363811e-01
2.433644486357293413e-01
8.706677100452155094e-02
1.713072227846397511e-01
1.900830343947103318e-01
1.954084255934522285e-01
2.507292517211306710e-03
2.221346368642094227e-01
2.476403719817741877e-01
1.421751644520960305e-02
2.374084572342069488e-01
6.587525720011988550e-02
2.840036772271120960e-02
6.994909435515390961e-02
2.368750431965414294e-01
6.059902826698584238e-02
1.878220908388854304e-02
2.447278629771580116e-01
7.645779741261081452e-02
1.301667349951244300e-02
2.663295889178530357e-02
6.390713887459044396e-02
1.137385478265041522e-01
1.525246196921524466e-01
5.992274863685261022e-03
2.747284302392749220e-02
7.288351982723309530e-02
1.371133549691518350e-01
1.120515480825464705e-01
2.467005836648034078e-01
6.042401875904391401e-02
8.278585166315317878e-02
4.753046104250933240e-02
2.126198695696663310e-01
8.831392858002669322e-03
2.666816638119804891e-02
6.738815451376224674e-02
1.622111394105055782e-01
2.488694060326857721e-02
2.310203028757781829e-02
2.356218766044394786e-01
2.158447613165486167e-01
1.676922658069305433e-02
1.241188440572851548e-01
8.776144280900080585e-02
5.066205640727518278e-02
1.331302474639401053e-02
2.226805815129407617e-01
2.394630590592538577e-01
2.524727009764400343e-01
3.397404087727999566e-02
7.523350592446630125e-02
1.194257767677319067e-02
1.436302721266225213e-01
4.637441043176465105e-01
2.102473729233892905e-02
8.135687209745159909e-02
9.207475601642489682e-02
2.506828692057287422e-01
8.036584156458215222e-02
2.432118614891470854e-01
2.397494541945405511e-01
2.329994840459886363e-01
1.671758056007374357e-02
1.208781525818201225e-02
2.367090235051352298e-01
2.130483660919698929e-01
1.289186527230077872e-01
2.373302088805815391e-01
7.453923369395589957e-03
8.548656355172037924e-02
6.678629630063774580e-02
2.065566412197462898e-01
1.335148646988309484e-01
5.404308482105719957e-03
