3.283520888950608452e-01
3.090224528695239004e-01
3.352398259307813877e-01
3.305434381972763846e-01
3.110706508435883144e-01
3.336254862501397689e-01
3.077832509322294685e-01
3.309617094051589548e-01
3.496477220318476853e-01
2.909987821046446932e-01
3.504268228316934630e-01
3.358724951155465099e-01
3.310398905247518009e-01
3.438484238449145414e-01
3.408345907072777292e-01
3.504266886067648468e-01
3.177392536214241892e-01
3.465498851899783683e-01
2.682029956384114899e-01
3.446176697746484718e-01
3.535603156627483146e-01
3.265009560701002123e-01
3.473234471796844414e-01
2.869761909543568357e-01
3.484856448111215976e-01
2.722345617416983485e-02
3.457889622930596096e-01
3.246300027476760608e-01
3.368473123739156860e-01
3.496489268403747963e-01
2.834858953176464524e-01
3.488694472546634562e-01
3.453865705408422637e-01
3.500389553974679879e-01
3.365981346255887963e-01
3.515974950307187985e-01
3.492593183758532227e-01
2.955589040479122409e-01
3.427038910696701413e-01
3.319050096902368407e-01
3.527726933896224715e-01
3.515977238580337838e-01
3.431070008500694546e-01
3.030509044528610363e-01
8.146783767617718844e-03
3.527715632151923741e-01
8.092667215296298067e-02
3.326580407036656140e-01
3.504299993251778211e-01
3.195311422217422259e-01
2.701176406710517064e-01
3.243094192288764610e-01
3.463290424620028563e-01
1.139148871175651480e-02
3.435484849587951972e-01
3.255260724491627622e-01
3.496478711024209041e-01
3.442383032110610253e-01
3.402909985040564189e-02
3.547343371020662550e-01
2.843571520933461660e-01
3.274342226232351272e-01
3.107842791986277775e-01
2.896326329397566068e-01
3.220391975103270021e-01
3.231550311735982284e-01
2.994040562660141847e-01
2.596402834650627933e-01
3.567051555282136355e-01
3.111601056018085676e-01
2.692292356616121651e-01
3.434868516138975814e-01
1.951021620519250432e-01
3.157973800685139887e-01
3.121282019928247053e-01
2.809822172812022067e-01
3.175021949964604850e-01
3.020103376891726255e-01
3.295716127369915371e-01
3.195141344065846600e-01
3.354658835568719577e-01
3.571002803955907745e-01
2.754303530625104024e-01
3.027023089308237269e-01
3.516034499627809784e-01
3.567052772375214342e-01
3.113511439003076031e-01
3.163846597381648751e-01
3.217504209923700009e-01
3.567051590576252318e-01
2.860423861366441223e-01
3.252496544935593037e-01
3.187932774701711103e-01
2.955233016033886884e-01
3.571002803955907745e-01
3.258230871427603148e-01
3.220470044128657117e-01
3.559159881601113851e-01
3.214463759194855497e-01
3.478700774314770761e-01
3.160305664041801466e-01
3.373664409035104228e-01
3.311474949616258767e-01
3.571002803955907745e-01
3.559158664023698848e-01
3.287493376029018144e-01
3.033756084310560430e-01
2.994380894838240548e-01
3.559166246714752790e-01
2.883052502225150193e-01
3.347061358189288849e-01
3.442297136167429272e-01
3.206609922878216334e-01
1.565875407971606126e-01
3.571002803955907745e-01
3.285466805442127658e-01
3.234804212234239640e-01
3.358247075006477456e-01
3.013380734941170647e-01
2.855420616507832188e-01
3.571002803955907745e-01
3.073690072255330641e-01
3.320978861671900484e-01
3.563103547130499482e-01
3.571002803955907745e-01
3.147015746398014180e-01
2.851699699553210676e-01
2.715448578348247932e-01
3.140700342952603141e-01
2.985543748755090654e-01
3.469297549700281480e-01
3.282222539230009173e-01
3.170499464075774987e-01
3.046037055455001474e-01
3.332185409916939567e-01
3.523798266878306329e-01
3.161092855420354342e-01
3.567051867738583182e-01
3.379528873475949879e-01
3.254062678655872953e-01
2.947596278527012670e-01
3.191133286386364509e-01
2.966532244977102550e-01
3.571002803955907745e-01
3.327472781192823414e-01
3.288428009631119142e-01
3.563104917649477232e-01
3.571002803955907745e-01
1.726824274634901624e-01
3.094806103846757250e-01
3.146052091825116137e-01
3.377872338080415981e-01
2.848148976469326299e-01
2.794267081988919266e-01
3.197176578463315488e-01
3.339694566683294452e-01
3.543415141246170630e-01
3.206943489339564302e-01
3.238393714221827757e-01
2.964701052020888850e-01
3.547352746741627705e-01
2.976056778721453133e-01
3.024116547868421767e-01
3.262720021427958916e-01
2.702166734034153750e-01
2.912908433972754008e-01
3.469336929389832958e-01
3.284959688865227712e-01
2.358867142753902357e-01
3.559160545390616104e-01
2.156607039162805051e-01
3.282315849775670480e-01
3.242448423541495206e-01
3.567051590576252318e-01
3.062328407065768032e-01
3.488695756241638746e-01
2.930712068777535650e-01
3.248108685422569919e-01
3.256240039242498940e-01
3.257628525101614048e-01
3.009589809094768698e-01
2.828491727805376721e-01
3.465463940734685444e-01
3.559165602101653780e-01
3.254461213136199405e-01
3.162365449249057714e-01
3.567052772375214342e-01
3.176733230542115316e-01
3.461613276451702137e-01
3.352729354181073762e-01
2.939904839964595507e-01
3.555217658196879738e-01
3.204939595445039369e-01
3.434934491236270038e-01
3.324925055257510476e-01
2.752519343560088649e-01
3.185876361897745368e-01
3.167414899170505893e-01
3.100060747824959217e-01
3.124308648821577661e-01
3.500517121835663437e-01
1.138747187478375139e-01
3.275935686559843796e-01
3.535749695028569395e-01
3.029434357761685015e-01
3.504286957199802544e-01
3.450048637279879982e-01
2.664186269368017945e-01
3.571002803955907745e-01
3.571002803955907745e-01
3.222249362528656347e-01
3.571002803955907745e-01
3.370022466121997406e-01
3.098447464237869542e-01
3.523799843414922028e-01
3.380460542821885350e-01
3.281761894246870703e-01
3.119559868614842912e-01
3.095989456943572526e-01
3.512067979349535740e-01
3.571002803955907745e-01
3.092651105332930306e-01
3.500369285827852339e-01
3.535579806087223997e-01
3.571002803955907745e-01
2.976165922532692520e-01
3.571002803955907745e-01
3.359350088720138849e-01
3.073964349549809238e-01
3.385233206407622930e-01
3.190990818940369067e-01
2.780064529610229984e-01
2.950258471369919255e-01
3.317580513873398251e-01
3.160784025173047351e-01
3.165072247621560364e-01
2.771723340477809105e-01
3.267973948833179376e-01
1.282142232647282554e-01
3.531634847071487004e-01
3.030025738654451017e-01
3.302018314540720034e-01
3.099129437727708991e-01
2.892672414402999714e-01
3.041435181232345908e-01
3.320722459814992034e-01
3.164830347703689317e-01
3.239595380906457045e-01
3.469401369318903527e-01
3.567051555282136355e-01
3.258979136302381230e-01
3.253046540406520082e-01
2.907544084421433417e-01
2.192127824355371846e-01
3.122263284640879322e-01
3.022195655256481039e-01
3.118513459141118993e-01
2.997137165824599880e-01
3.500371267608631820e-01
3.082171931599969605e-01
3.198965906639652523e-01
3.512068451659935975e-01
3.287885100534949090e-01
3.167292618140849503e-01
3.232413118092633542e-01
2.957652323195082422e-01
3.571002803955907745e-01
2.590392014587584724e-01
3.323498876849806383e-01
3.527742363380430568e-01
3.116423827404538605e-01
3.523800823744022148e-01
3.027532283567245242e-01
3.234217827367762421e-01
3.060998044855050004e-01
3.318638908507713370e-01
1.057719595516378036e-01
3.571002803955907745e-01
2.803260057580403974e-01
3.323477342539412627e-01
3.282474046999850348e-01
2.691316488941546958e-01
3.239176295953807849e-01
3.312121553560941623e-01
3.397683395192967470e-01
3.473193922158223645e-01
3.166593219030704454e-01
3.225819426023890935e-01
3.197270138489166635e-01
2.916472432596496356e-01
3.527717342901618425e-01
3.078506480154235558e-01
2.959035027317802324e-01
1.114465808095975313e-01
2.868131242108101775e-01
2.751410684551280350e-01
3.289024754405756035e-01
9.385097460474821351e-02
3.369995436842402881e-01
3.161706997920626927e-01
