1.000000000000000021e-02 9.000000000000000000e+00 2.000000000000000042e-02 9.000000000000000000e+00
1.000000000000000021e-02 3.000000000000000000e+00 8.999999999999999667e-02 1.000000000000000000e+01
1.000000000000000021e-02 5.000000000000000000e+00 5.000000000000000278e-02 8.000000000000000000e+00
1.000000000000000021e-02 1.000000000000000000e+01 2.000000000000000042e-02 9.000000000000000000e+00
1.000000000000000021e-02 4.000000000000000000e+00 1.000000000000000056e-01 1.000000000000000000e+01
1.000000000000000021e-02 7.000000000000000000e+00 2.999999999999999889e-02 7.000000000000000000e+00
1.000000000000000021e-02 6.000000000000000000e+00 5.000000000000000278e-02 1.000000000000000000e+01
1.000000000000000021e-02 6.000000000000000000e+00 5.000000000000000278e-02 8.000000000000000000e+00
1.000000000000000056e-01 3.000000000000000000e+00 4.000000000000000083e-02 1.000000000000000000e+01
1.000000000000000021e-02 6.000000000000000000e+00 7.000000000000000666e-02 2.000000000000000000e+00
1.000000000000000056e-01 3.000000000000000000e+00 4.000000000000000083e-02 9.000000000000000000e+00
5.000000000000000278e-02 4.000000000000000000e+00 5.000000000000000278e-02 7.000000000000000000e+00
1.000000000000000021e-02 9.000000000000000000e+00 2.000000000000000042e-02 8.000000000000000000e+00
5.000000000000000278e-02 4.000000000000000000e+00 5.000000000000000278e-02 8.000000000000000000e+00
5.000000000000000278e-02 6.000000000000000000e+00 2.999999999999999889e-02 5.000000000000000000e+00
1.000000000000000056e-01 1.000000000000000000e+01 1.000000000000000021e-02 1.000000000000000000e+01
1.000000000000000021e-02 5.000000000000000000e+00 5.000000000000000278e-02 7.000000000000000000e+00
5.000000000000000278e-02 6.000000000000000000e+00 2.999999999999999889e-02 6.000000000000000000e+00
1.000000000000000021e-02 5.000000000000000000e+00 7.000000000000000666e-02 3.000000000000000000e+00
5.000000000000000278e-02 8.000000000000000000e+00 2.000000000000000042e-02 8.000000000000000000e+00
5.000000000000000278e-02 7.000000000000000000e+00 2.000000000000000042e-02 5.000000000000000000e+00
1.000000000000000021e-02 8.000000000000000000e+00 2.999999999999999889e-02 7.000000000000000000e+00
5.000000000000000278e-02 3.000000000000000000e+00 5.999999999999999778e-02 6.000000000000000000e+00
1.000000000000000021e-02 6.000000000000000000e+00 7.000000000000000666e-02 4.000000000000000000e+00
5.000000000000000278e-02 7.000000000000000000e+00 2.000000000000000042e-02 6.000000000000000000e+00
1.000000000000000021e-02 6.000000000000000000e+00 1.000000000000000056e-01 3.000000000000000000e+00
5.000000000000000278e-02 8.000000000000000000e+00 2.000000000000000042e-02 7.000000000000000000e+00
1.000000000000000021e-02 5.000000000000000000e+00 5.999999999999999778e-02 6.000000000000000000e+00
1.000000000000000021e-02 9.000000000000000000e+00 2.999999999999999889e-02 4.000000000000000000e+00
5.000000000000000278e-02 6.000000000000000000e+00 2.999999999999999889e-02 1.000000000000000000e+01
1.000000000000000021e-02 6.000000000000000000e+00 5.999999999999999778e-02 6.000000000000000000e+00
5.000000000000000278e-02 7.000000000000000000e+00 2.000000000000000042e-02 9.000000000000000000e+00
1.000000000000000056e-01 6.000000000000000000e+00 2.000000000000000042e-02 9.000000000000000000e+00
5.000000000000000278e-02 7.000000000000000000e+00 2.000000000000000042e-02 6.000000000000000000e+00
5.000000000000000278e-02 3.000000000000000000e+00 5.000000000000000278e-02 7.000000000000000000e+00
5.000000000000000278e-02 5.000000000000000000e+00 2.999999999999999889e-02 4.000000000000000000e+00
1.000000000000000056e-01 4.000000000000000000e+00 4.000000000000000083e-02 5.000000000000000000e+00
1.000000000000000021e-02 7.000000000000000000e+00 4.000000000000000083e-02 7.000000000000000000e+00
1.000000000000000021e-02 4.000000000000000000e+00 8.999999999999999667e-02 9.000000000000000000e+00
1.000000000000000021e-02 6.000000000000000000e+00 7.000000000000000666e-02 1.000000000000000000e+00
5.000000000000000278e-02 5.000000000000000000e+00 2.999999999999999889e-02 5.000000000000000000e+00
1.000000000000000056e-01 4.000000000000000000e+00 5.000000000000000278e-02 3.000000000000000000e+00
1.000000000000000021e-02 9.000000000000000000e+00 2.000000000000000042e-02 9.000000000000000000e+00
1.000000000000000021e-02 7.000000000000000000e+00 4.000000000000000083e-02 5.000000000000000000e+00
1.000000000000000021e-02 6.000000000000000000e+00 1.000000000000000056e-01 4.000000000000000000e+00
5.000000000000000278e-02 8.000000000000000000e+00 2.000000000000000042e-02 4.000000000000000000e+00
1.000000000000000021e-02 8.000000000000000000e+00 1.000000000000000056e-01 1.000000000000000000e+00
5.000000000000000278e-02 8.000000000000000000e+00 2.000000000000000042e-02 1.000000000000000000e+01
1.000000000000000056e-01 3.000000000000000000e+00 5.000000000000000278e-02 5.000000000000000000e+00
1.000000000000000021e-02 7.000000000000000000e+00 5.000000000000000278e-02 2.000000000000000000e+00
1.000000000000000021e-02 6.000000000000000000e+00 7.000000000000000666e-02 5.000000000000000000e+00
1.000000000000000021e-02 4.000000000000000000e+00 8.999999999999999667e-02 1.000000000000000000e+01
1.000000000000000021e-02 7.000000000000000000e+00 5.000000000000000278e-02 1.000000000000000000e+00
1.000000000000000021e-02 5.000000000000000000e+00 1.000000000000000056e-01 7.000000000000000000e+00
1.000000000000000021e-02 1.000000000000000000e+01 2.999999999999999889e-02 2.000000000000000000e+00
5.000000000000000278e-02 4.000000000000000000e+00 7.000000000000000666e-02 8.000000000000000000e+00
1.000000000000000021e-02 5.000000000000000000e+00 7.000000000000000666e-02 3.000000000000000000e+00
5.000000000000000278e-02 3.000000000000000000e+00 4.000000000000000083e-02 1.000000000000000000e+01
1.000000000000000021e-02 8.000000000000000000e+00 8.000000000000000167e-02 7.000000000000000000e+00
1.000000000000000056e-01 1.000000000000000000e+01 1.000000000000000021e-02 6.000000000000000000e+00
2.094846672313830371e-01 1.400000000000000000e+01 9.894641545279239669e-02 1.000000000000000000e+00
1.719206399120090378e-01 1.400000000000000000e+01 2.005086777007165089e-01 1.000000000000000000e+00
1.581526472450443810e-01 1.400000000000000000e+01 1.570745114367221307e-01 1.000000000000000000e+00
2.340830415381729701e-01 1.400000000000000000e+01 8.988154743836046512e-02 1.000000000000000000e+00
2.870180013106033434e-01 1.400000000000000000e+01 1.576203058512403998e-01 1.000000000000000000e+00
3.053578388719022652e-01 1.400000000000000000e+01 1.798891833332234014e-01 1.000000000000000000e+00
9.010463477326549619e-02 1.400000000000000000e+01 1.334560331580117720e-01 1.000000000000000000e+00
2.423373554155181242e-01 1.400000000000000000e+01 7.211621093749986944e-02 1.000000000000000000e+00
1.402010116506859916e-01 1.000000000000000000e+00 1.559209327516770660e-01 1.000000000000000000e+00
2.103135938530676929e-01 1.400000000000000000e+01 1.346999744432202384e-01 1.000000000000000000e+00
5.246797668163520612e-02 1.400000000000000000e+01 9.115309069889428184e-02 1.000000000000000000e+00
3.512701787851269519e-01 1.400000000000000000e+01 1.014192488870496213e-02 9.000000000000000000e+00
2.709623025814884012e-01 1.400000000000000000e+01 4.424018884467601637e-02 1.000000000000000000e+00
2.786476794153012748e-01 1.400000000000000000e+01 9.894596890020572466e-02 8.000000000000000000e+00
2.804453125000000435e-01 1.400000000000000000e+01 9.456498377769631536e-02 9.000000000000000000e+00
9.156026946560623381e-02 1.400000000000000000e+01 9.913137012479819599e-02 1.000000000000000000e+00
1.722246093749997264e-01 1.400000000000000000e+01 1.460970094281363596e-01 3.000000000000000000e+00
3.706452801896898547e-02 1.400000000000000000e+01 2.260380501533565678e-01 1.000000000000000000e+00
1.388824733650212140e-01 1.400000000000000000e+01 1.707225973333776070e-01 9.000000000000000000e+00
3.943107412988769989e-01 1.400000000000000000e+01 1.942134691364632848e-01 1.000000000000000000e+00
2.274500316616333562e-01 1.400000000000000000e+01 1.893279635066050515e-01 9.000000000000000000e+00
1.973905082241776132e-01 1.000000000000000000e+00 1.528262483896712653e-01 1.000000000000000000e+00
2.657249955425501353e-01 1.400000000000000000e+01 6.531789207384576523e-02 1.000000000000000000e+00
3.151432002539372168e-01 1.400000000000000000e+01 1.052148646771581958e-01 1.000000000000000000e+00
1.885983182774365052e-01 1.000000000000000000e+00 9.684129942456000395e-02 1.000000000000000000e+00
2.718358696314003287e-01 1.000000000000000000e+00 1.176689841231045308e-01 1.000000000000000000e+00
2.147758259581883100e-01 1.400000000000000000e+01 9.564047633544422999e-02 9.000000000000000000e+00
1.763928573036254444e-01 1.400000000000000000e+01 1.729397878059943938e-01 1.000000000000000000e+00
2.251731689606418507e-01 1.400000000000000000e+01 1.291572348660893488e-01 8.000000000000000000e+00
3.689093223595710791e-01 1.000000000000000000e+00 1.938707332837235342e-01 1.000000000000000000e+00
1.951429483956730049e-01 1.400000000000000000e+01 6.002052235862063295e-02 9.000000000000000000e+00
2.814874870901210024e-01 1.400000000000000000e+01 1.258681640625000653e-01 9.000000000000000000e+00
3.123107191999494048e-01 1.400000000000000000e+01 1.008993179842517518e-01 9.000000000000000000e+00
2.150502700015638757e-01 1.400000000000000000e+01 1.212132481190561911e-01 1.000000000000000000e+00
2.606671863060933680e-01 1.000000000000000000e+00 1.504192803870492423e-01 1.000000000000000000e+00
3.692061559652026204e-01 1.400000000000000000e+01 1.858040742508861864e-01 1.000000000000000000e+00
1.959807257849993101e-01 1.400000000000000000e+01 1.939880265329222420e-01 1.000000000000000000e+00
4.236808367221396310e-01 1.000000000000000000e+00 9.048091982821260260e-02 1.000000000000000000e+00
1.629742675988595790e-01 1.400000000000000000e+01 1.308547071858543465e-01 9.000000000000000000e+00
2.541861197254267624e-01 1.000000000000000000e+00 1.477246093750000933e-01 1.000000000000000000e+00
2.234874258148392689e-01 1.000000000000000000e+00 1.917658958244244649e-01 9.000000000000000000e+00
2.158004394585613661e-01 1.400000000000000000e+01 2.171366486021854558e-01 9.000000000000000000e+00
3.420167116536877439e-01 1.400000000000000000e+01 1.515235518009082349e-01 9.000000000000000000e+00
3.945493690282123045e-01 1.000000000000000000e+00 7.347250358359636024e-02 1.000000000000000000e+00
2.916084953909179323e-01 1.000000000000000000e+00 1.353036624080689865e-01 1.000000000000000000e+00
2.500527343749998632e-01 1.000000000000000000e+00 1.718453121602142308e-01 9.000000000000000000e+00
5.394280733152110457e-02 1.400000000000000000e+01 1.577405652102436273e-01 1.000000000000000000e+00
1.024640200143946966e-01 1.400000000000000000e+01 8.975585937499996891e-02 9.000000000000000000e+00
1.833992164200816677e-01 1.000000000000000000e+00 1.325292407272929684e-01 1.000000000000000000e+00
4.335922186171768944e-01 1.400000000000000000e+01 6.435458234184235349e-02 9.000000000000000000e+00
3.429266374751276381e-01 1.000000000000000000e+00 1.023355207480155377e-01 9.000000000000000000e+00
1.922510454644039690e-01 1.000000000000000000e+00 1.030229201116465571e-01 9.000000000000000000e+00
2.694726622455795861e-01 1.400000000000000000e+01 1.783330348787510178e-01 1.000000000000000000e+00
2.715111145522521863e-01 1.400000000000000000e+01 3.373368574117054097e-02 1.000000000000000000e+00
3.216387102768030748e-01 1.000000000000000000e+00 1.266497918621644903e-01 1.000000000000000000e+00
3.261347656250002114e-01 1.400000000000000000e+01 1.330978002564478235e-01 9.000000000000000000e+00
2.263484066637894143e-01 1.400000000000000000e+01 1.342364503872080783e-01 7.000000000000000000e+00
4.232832031250001181e-01 1.400000000000000000e+01 1.811318359375000964e-01 9.000000000000000000e+00
5.800019327806518049e-03 1.400000000000000000e+01 2.268367190187874638e-01 9.000000000000000000e+00
1.970422188566370303e-01 1.400000000000000000e+01 9.151048812491043016e-02 1.000000000000000000e+00
1.883368755387482274e-01 1.000000000000000000e+00 1.020089223117875837e-01 1.000000000000000000e+00
2.276030592651618056e-01 1.400000000000000000e+01 1.403724938174038261e-01 1.000000000000000000e+00
3.273826727758633037e-01 1.000000000000000000e+00 1.062247897135366603e-01 9.000000000000000000e+00
2.157935954963031422e-01 1.000000000000000000e+00 1.042847418713700597e-01 1.000000000000000000e+00
1.733134971843331984e-01 1.400000000000000000e+01 7.761782555604021180e-03 1.000000000000000000e+00
1.730059157038893736e-01 1.400000000000000000e+01 1.433753383962463601e-01 1.000000000000000000e+00
1.742244547236376506e-01 1.400000000000000000e+01 1.077866621048829826e-01 1.000000000000000000e+00
3.090671353922812559e-01 1.000000000000000000e+00 1.865923825492454280e-01 9.000000000000000000e+00
1.504526343019716994e-01 1.400000000000000000e+01 1.165590114962461593e-01 9.000000000000000000e+00
8.880841063949354575e-02 1.400000000000000000e+01 1.315721083160655835e-01 1.000000000000000000e+00
1.152695432218428656e-01 1.000000000000000000e+00 8.709157703041349452e-02 9.000000000000000000e+00
3.099788436462503904e-01 1.400000000000000000e+01 1.419759253477776706e-01 9.000000000000000000e+00
2.781789838622413247e-01 1.400000000000000000e+01 9.865071504684461146e-02 9.000000000000000000e+00
2.748897459575989632e-01 1.400000000000000000e+01 8.021540301115084870e-02 9.000000000000000000e+00
2.675250198234744858e-01 1.000000000000000000e+00 1.655123170766026053e-01 9.000000000000000000e+00
2.770615330066289461e-01 1.000000000000000000e+00 5.856480390434196104e-02 9.000000000000000000e+00
1.992195563038009765e-01 1.400000000000000000e+01 1.069111328125000593e-01 9.000000000000000000e+00
3.298665323154156281e-01 1.000000000000000000e+00 1.058824168944332705e-01 1.000000000000000000e+00
2.455476409126247650e-01 1.400000000000000000e+01 1.981986758714991692e-01 9.000000000000000000e+00
3.384241973601207487e-01 1.400000000000000000e+01 1.179947923150126005e-01 9.000000000000000000e+00
2.288903467464744323e-01 1.400000000000000000e+01 6.801717135096362055e-02 9.000000000000000000e+00
2.005903012192734314e-01 1.400000000000000000e+01 1.158015074241524750e-01 9.000000000000000000e+00
3.005563401897622944e-01 1.400000000000000000e+01 6.587784551113790021e-02 9.000000000000000000e+00
2.826294680696366246e-01 1.000000000000000000e+00 5.793713991713038414e-02 1.000000000000000000e+00
1.904414062500000560e-01 1.400000000000000000e+01 1.665499487330115158e-01 9.000000000000000000e+00
1.656001629197850211e-01 1.400000000000000000e+01 1.727694929926940348e-01 9.000000000000000000e+00
2.943203125000001807e-01 1.000000000000000000e+00 1.099440497211169321e-01 1.000000000000000000e+00
4.109559498035058045e-01 1.000000000000000000e+00 6.171944901660292304e-02 1.000000000000000000e+00
3.500425107151940995e-01 1.400000000000000000e+01 4.257441304038017682e-02 1.000000000000000000e+00
3.482559651896970920e-01 1.400000000000000000e+01 8.679331273173693240e-02 9.000000000000000000e+00
2.218307649696145689e-01 1.400000000000000000e+01 1.533412978897167323e-01 1.000000000000000000e+00
3.798395652591483596e-01 1.400000000000000000e+01 1.991647118690724749e-01 9.000000000000000000e+00
3.005878906250001870e-01 1.000000000000000000e+00 1.806147379554385868e-01 9.000000000000000000e+00
1.930735277446603004e-01 1.400000000000000000e+01 9.173239443575346985e-02 1.000000000000000000e+00
3.660864742045509268e-01 1.400000000000000000e+01 1.791267642604503496e-01 1.000000000000000000e+00
2.914161526187852291e-01 1.000000000000000000e+00 1.097593217035607166e-01 9.000000000000000000e+00
1.131315815050287499e-01 1.000000000000000000e+00 1.625429687500000997e-01 1.000000000000000000e+00
1.366777958393037284e-01 1.400000000000000000e+01 1.203022047145316659e-01 9.000000000000000000e+00
3.568186210499664224e-01 1.400000000000000000e+01 1.796809750612180789e-01 1.000000000000000000e+00
2.660318441767302033e-01 1.400000000000000000e+01 9.937988281249987566e-02 1.000000000000000000e+00
3.372925044896448177e-01 1.000000000000000000e+00 8.992334306380034281e-02 1.000000000000000000e+00
3.089721722054206698e-01 1.400000000000000000e+01 1.034384221459512115e-01 1.000000000000000000e+00
1.144884833882464509e-01 1.400000000000000000e+01 1.360652123457587181e-01 1.000000000000000000e+00
3.751179521547559625e-01 1.400000000000000000e+01 1.301890683197061971e-01 9.000000000000000000e+00
2.087332443913967328e-01 1.400000000000000000e+01 8.884172071090501444e-02 1.000000000000000000e+00
2.125864844134279508e-01 1.400000000000000000e+01 9.382400691369538470e-02 1.000000000000000000e+00
2.059635455758593858e-01 1.000000000000000000e+00 9.176354458566031436e-02 9.000000000000000000e+00
2.530560019722589704e-01 1.400000000000000000e+01 1.360187341090567104e-01 9.000000000000000000e+00
3.497752389480691670e-01 1.400000000000000000e+01 6.320381424990294261e-02 1.000000000000000000e+00
2.491953671072501264e-01 1.000000000000000000e+00 1.115436131165432748e-01 1.000000000000000000e+00
2.923179704536884027e-01 1.400000000000000000e+01 6.272572880739597789e-02 1.000000000000000000e+00
2.471600799624313338e-01 1.400000000000000000e+01 1.402628693988845765e-01 9.000000000000000000e+00
2.177479525596386356e-01 1.400000000000000000e+01 1.317612472159255255e-01 9.000000000000000000e+00
1.814549511033621554e-01 1.000000000000000000e+00 8.604874851756633136e-02 1.000000000000000000e+00
3.829087873283937848e-01 1.400000000000000000e+01 8.472753906249985700e-02 9.000000000000000000e+00
2.227854466107525300e-01 1.000000000000000000e+00 9.011156591050330233e-02 9.000000000000000000e+00
2.183643849559567529e-01 1.400000000000000000e+01 9.203721910030197850e-02 1.000000000000000000e+00
2.675071893662011591e-01 1.400000000000000000e+01 1.312080592538875101e-01 9.000000000000000000e+00
2.711506034651880448e-01 1.400000000000000000e+01 1.783452817760087239e-01 1.000000000000000000e+00
2.855936907469580066e-01 1.400000000000000000e+01 1.396599467069780109e-01 9.000000000000000000e+00
3.004860789544422928e-01 1.400000000000000000e+01 1.017921867798322610e-01 1.000000000000000000e+00
2.610540236040273521e-01 1.400000000000000000e+01 8.371129083475364885e-02 1.000000000000000000e+00
4.785436810429133381e-01 1.000000000000000000e+00 1.020168948789368785e-01 9.000000000000000000e+00
3.271384585968369896e-01 1.000000000000000000e+00 1.152949218749999005e-01 1.000000000000000000e+00
1.676371708707875274e-01 1.400000000000000000e+01 1.476987006482562981e-01 9.000000000000000000e+00
3.783186054105379115e-01 1.400000000000000000e+01 1.508968526743261485e-01 1.000000000000000000e+00
2.900938585077616483e-01 1.000000000000000000e+00 1.651281921553160725e-01 1.000000000000000000e+00
1.992075081755984023e-01 1.400000000000000000e+01 1.651004438750262038e-01 1.000000000000000000e+00
1.647434531013356740e-01 1.000000000000000000e+00 1.606169060551453642e-01 9.000000000000000000e+00
4.265908391376384001e-01 1.400000000000000000e+01 1.829326171875001183e-01 9.000000000000000000e+00
1.261327437409269780e-01 1.400000000000000000e+01 1.121831684325327316e-01 1.000000000000000000e+00
1.607539062499997451e-01 1.000000000000000000e+00 1.925400766573063804e-01 1.000000000000000000e+00
3.160116276800237212e-01 1.400000000000000000e+01 1.894357018686866623e-01 1.000000000000000000e+00
2.670898437500000000e-01 1.000000000000000000e+00 9.251367187499992539e-02 9.000000000000000000e+00
2.170480735669051975e-01 1.400000000000000000e+01 1.717286667901177510e-01 9.000000000000000000e+00
2.272078589388190628e-01 1.400000000000000000e+01 1.001505211987539501e-01 1.000000000000000000e+00
2.446173023600298480e-01 1.400000000000000000e+01 1.054129355063953277e-01 8.000000000000000000e+00
1.878180084181805543e-01 1.400000000000000000e+01 1.089052124243035519e-01 9.000000000000000000e+00
1.488452774513370214e-01 1.400000000000000000e+01 1.422923217091831838e-01 1.000000000000000000e+00
1.383803059676220470e-01 1.400000000000000000e+01 1.764945701718038107e-01 1.000000000000000000e+00
4.799719662321098035e-01 1.000000000000000000e+00 1.331919085301968564e-01 1.000000000000000000e+00
3.788868534750867156e-01 1.000000000000000000e+00 1.961982421875001492e-01 9.000000000000000000e+00
3.312985874659055696e-01 1.400000000000000000e+01 1.349652507852328875e-01 9.000000000000000000e+00
2.251801337077190823e-01 1.000000000000000000e+00 1.598752017494249056e-01 1.000000000000000000e+00
2.976686625853542378e-01 1.400000000000000000e+01 1.026642935734335266e-01 1.000000000000000000e+00
2.831996849599667243e-01 1.000000000000000000e+00 7.001627825881133471e-02 9.000000000000000000e+00
1.726956066779725130e-01 1.000000000000000000e+00 1.215351733790305394e-01 9.000000000000000000e+00
1.142232527847965723e-01 1.400000000000000000e+01 7.525853570390300673e-02 1.000000000000000000e+00
3.480195312500001803e-01 1.000000000000000000e+00 1.198638934031203279e-01 1.000000000000000000e+00
1.780886629426838841e-01 1.000000000000000000e+00 1.595565812977599029e-01 1.000000000000000000e+00
2.502871093750001497e-01 1.400000000000000000e+01 1.224645123960339255e-01 9.000000000000000000e+00
1.281166431265222116e-01 1.000000000000000000e+00 1.630343175882726092e-01 1.000000000000000000e+00
3.407056613941323864e-01 1.000000000000000000e+00 1.002279602917919288e-01 9.000000000000000000e+00
3.738988714375214850e-01 1.400000000000000000e+01 8.263227037656865892e-02 9.000000000000000000e+00
2.869051319039818693e-01 1.000000000000000000e+00 2.824440158659193706e-02 9.000000000000000000e+00
3.152903041060313161e-01 1.400000000000000000e+01 2.050026759797147768e-01 9.000000000000000000e+00
2.372104713776178597e-01 1.400000000000000000e+01 1.555890753700860940e-01 9.000000000000000000e+00
1.199096533098799322e-01 1.400000000000000000e+01 1.810812866927033749e-01 1.000000000000000000e+00
2.823245114570139824e-01 1.400000000000000000e+01 1.518078902876986158e-01 1.000000000000000000e+00
1.764429830550470757e-01 1.000000000000000000e+00 9.661982656087564347e-02 9.000000000000000000e+00
8.169247068069042383e-02 1.000000000000000000e+00 7.351732691979426249e-02 1.000000000000000000e+00
2.139063001734220482e-01 1.400000000000000000e+01 8.777320741215223487e-02 9.000000000000000000e+00
2.726614934203630547e-01 1.000000000000000000e+00 6.062995870281541466e-02 9.000000000000000000e+00
4.487848301445193089e-01 1.000000000000000000e+00 1.198452596381434226e-01 1.000000000000000000e+00
4.492771018530654081e-01 1.000000000000000000e+00 1.593009176693456208e-01 1.000000000000000000e+00
2.588930248781862731e-01 1.400000000000000000e+01 7.336373252796890565e-02 9.000000000000000000e+00
2.283131526787546550e-01 1.000000000000000000e+00 9.370555361316989379e-03 1.000000000000000000e+00
2.937149129630960975e-01 1.000000000000000000e+00 1.338480704096788598e-01 9.000000000000000000e+00
3.820520820945017548e-01 1.400000000000000000e+01 8.460984170032848084e-02 9.000000000000000000e+00
2.000386482093307605e-01 1.000000000000000000e+00 1.139430408812690115e-01 9.000000000000000000e+00
2.719223516430083198e-01 1.400000000000000000e+01 1.124472656249999036e-01 9.000000000000000000e+00
1.936116889687784504e-01 1.400000000000000000e+01 5.836735234799174388e-02 9.000000000000000000e+00
1.809794691349458085e-01 1.400000000000000000e+01 9.751858270687047137e-02 1.000000000000000000e+00
3.752760613956905300e-01 1.400000000000000000e+01 1.575560948691028529e-01 9.000000000000000000e+00
3.933438641577739481e-01 1.400000000000000000e+01 1.492521154501925684e-01 1.000000000000000000e+00
1.652636718749999067e-01 1.400000000000000000e+01 1.847593054054763595e-01 1.000000000000000000e+00
2.835258599972825255e-01 1.400000000000000000e+01 6.962762610332216828e-02 1.000000000000000000e+00
2.347339135356538709e-01 1.400000000000000000e+01 1.409913624593769899e-01 9.000000000000000000e+00
1.948242187500000000e-01 7.000000000000000000e+00 5.249023437500000000e-02 9.000000000000000000e+00
4.460449218750000000e-01 5.000000000000000000e+00 6.469726562500000000e-03 7.000000000000000000e+00
3.137764616474776336e-01 1.400000000000000000e+01 1.337294921874999098e-01 1.000000000000000000e+00
2.892773437500001932e-01 1.400000000000000000e+01 1.485858674232075904e-01 9.000000000000000000e+00
1.742308984892587675e-01 1.400000000000000000e+01 9.202187398899433490e-02 9.000000000000000000e+00
1.950596539791560613e-01 1.400000000000000000e+01 6.584896653681344969e-02 9.000000000000000000e+00
3.019135626538067552e-01 1.400000000000000000e+01 8.085614337278709818e-02 9.000000000000000000e+00
3.582987624970068175e-01 1.000000000000000000e+00 1.190900993214569770e-01 9.000000000000000000e+00
3.045176441356622909e-01 1.400000000000000000e+01 1.330476886562008410e-01 1.000000000000000000e+00
2.030282125972623086e-01 1.400000000000000000e+01 2.066836067198758731e-01 1.000000000000000000e+00
2.779265192427688991e-01 1.000000000000000000e+00 1.160697026673823129e-01 9.000000000000000000e+00
2.042632762922055034e-01 1.000000000000000000e+00 1.384577440482289978e-01 1.000000000000000000e+00
3.961723062292523689e-01 1.400000000000000000e+01 1.825679600802584124e-01 1.000000000000000000e+00
3.696289062500000000e-01 1.000000000000000000e+01 1.789550781250000000e-01 8.000000000000000000e+00
1.079584762031105816e-01 1.400000000000000000e+01 1.119551386076777788e-01 1.000000000000000000e+00
3.726589061136350578e-01 1.400000000000000000e+01 3.809297529117028347e-02 9.000000000000000000e+00
3.254852327252039657e-01 1.400000000000000000e+01 1.492754604167662313e-01 1.000000000000000000e+00
2.201912440511759883e-01 1.400000000000000000e+01 1.078359967126128888e-01 1.000000000000000000e+00
3.044418214444445381e-01 1.400000000000000000e+01 9.011500612827189061e-02 9.000000000000000000e+00
2.090881224960566276e-01 1.400000000000000000e+01 1.024525115297722083e-01 1.000000000000000000e+00
1.720117187499998757e-01 1.000000000000000000e+00 9.314356130467270345e-02 9.000000000000000000e+00
1.999868027774688861e-01 1.400000000000000000e+01 8.349322873069192630e-02 9.000000000000000000e+00
2.756347656250000000e-01 1.400000000000000000e+01 1.112790290491886269e-01 9.000000000000000000e+00
2.994921875000000622e-01 1.000000000000000000e+00 5.822925810975307370e-02 9.000000000000000000e+00
2.650146823574111576e-01 1.400000000000000000e+01 1.506547978236477126e-01 9.000000000000000000e+00
2.714062735479344513e-01 1.400000000000000000e+01 1.020234852617903643e-01 9.000000000000000000e+00
2.384498814936630851e-01 1.400000000000000000e+01 1.205175288400797823e-01 9.000000000000000000e+00
3.430175781250000000e-01 1.000000000000000000e+00 1.829833984375000000e-01 5.000000000000000000e+00
3.212731324193355831e-01 1.000000000000000000e+00 1.911548510396393896e-01 1.000000000000000000e+00
1.350097656250000000e-01 5.000000000000000000e+00 1.541748046875000000e-01 6.000000000000000000e+00
4.645996093750000000e-01 1.100000000000000000e+01 1.964111328125000000e-01 8.000000000000000000e+00
2.509765625000000000e-01 1.000000000000000000e+00 1.020507812500000000e-01 4.000000000000000000e+00
2.219718442144962833e-01 1.400000000000000000e+01 1.003748538901459014e-01 9.000000000000000000e+00
2.050781250000000000e-01 2.000000000000000000e+00 1.318359375000000000e-01 5.000000000000000000e+00
3.225097656250000000e-01 1.000000000000000000e+01 1.854248046875000000e-01 1.000000000000000000e+00
2.727946857159295746e-01 1.400000000000000000e+01 1.149688320068935482e-01 9.000000000000000000e+00
2.897352329352620992e-01 1.400000000000000000e+01 1.409784373394398493e-01 1.000000000000000000e+00
1.296562499999996954e-01 1.400000000000000000e+01 1.785044463351711241e-01 9.000000000000000000e+00
1.542968750000000000e-01 1.200000000000000000e+01 2.050781250000000000e-02 6.000000000000000000e+00
3.160275636807944877e-01 1.000000000000000000e+00 1.019438723427738142e-01 1.000000000000000000e+00
2.145311557074181530e-01 1.400000000000000000e+01 5.963476562499991918e-02 9.000000000000000000e+00
2.414095524348126298e-01 1.400000000000000000e+01 1.730842462460539244e-01 9.000000000000000000e+00
1.829551701292682908e-01 1.400000000000000000e+01 1.504106838890734432e-01 9.000000000000000000e+00
3.142089843750000000e-01 1.100000000000000000e+01 8.801269531250000000e-02 1.000000000000000000e+00
1.101328124999997327e-01 1.400000000000000000e+01 1.591529423098561324e-01 8.000000000000000000e+00
2.384952377280711577e-01 1.400000000000000000e+01 1.519977813266566447e-01 9.000000000000000000e+00
3.641253868938337246e-01 1.400000000000000000e+01 2.166626600214343057e-01 9.000000000000000000e+00
4.738075309554243830e-01 1.000000000000000000e+00 9.725256347346178387e-02 9.000000000000000000e+00
1.557111058667228279e-02 1.400000000000000000e+01 2.364577465539523526e-01 9.000000000000000000e+00
2.329733198787757031e-01 1.400000000000000000e+01 2.000267629259397106e-01 1.000000000000000000e+00
4.926757812500000000e-01 9.000000000000000000e+00 1.799316406250000000e-01 6.000000000000000000e+00
2.817382812500000000e-01 1.000000000000000000e+01 1.291503906250000000e-01 2.000000000000000000e+00
3.718261718750000000e-01 6.000000000000000000e+00 2.404785156250000000e-02 4.000000000000000000e+00
2.382761773813413808e-01 1.400000000000000000e+01 8.148451714808553625e-02 9.000000000000000000e+00
2.047394232754429222e-01 1.400000000000000000e+01 1.494259277455769197e-01 1.000000000000000000e+00
3.300781250000000000e-01 5.000000000000000000e+00 6.933593750000000000e-02 8.000000000000000000e+00
2.386485680468679871e-01 1.400000000000000000e+01 8.108965630329034724e-02 1.000000000000000000e+00
2.240754213376248694e-01 1.400000000000000000e+01 9.228908935218919918e-02 1.000000000000000000e+00
2.529719776319513391e-01 1.400000000000000000e+01 1.438984307478544389e-01 9.000000000000000000e+00
4.885253906250000000e-01 9.000000000000000000e+00 2.429199218750000000e-02 9.000000000000000000e+00
2.465735330481363674e-01 1.400000000000000000e+01 1.975076086724601165e-01 9.000000000000000000e+00
2.514092795196864460e-01 1.400000000000000000e+01 1.334882812500000904e-01 1.000000000000000000e+00
