1.000000000000000021e-02 1.000000000000000000e+01 4.000000000000000083e-02 8.000000000000000000e+00
1.000000000000000021e-02 6.000000000000000000e+00 8.999999999999999667e-02 9.000000000000000000e+00
1.000000000000000021e-02 7.000000000000000000e+00 5.999999999999999778e-02 8.000000000000000000e+00
1.000000000000000021e-02 9.000000000000000000e+00 5.999999999999999778e-02 5.000000000000000000e+00
1.000000000000000021e-02 9.000000000000000000e+00 7.000000000000000666e-02 3.000000000000000000e+00
1.000000000000000021e-02 6.000000000000000000e+00 8.999999999999999667e-02 9.000000000000000000e+00
1.000000000000000021e-02 8.000000000000000000e+00 5.999999999999999778e-02 6.000000000000000000e+00
1.000000000000000021e-02 6.000000000000000000e+00 1.000000000000000056e-01 5.000000000000000000e+00
1.000000000000000021e-02 6.000000000000000000e+00 8.999999999999999667e-02 8.000000000000000000e+00
1.000000000000000021e-02 8.000000000000000000e+00 7.000000000000000666e-02 5.000000000000000000e+00
1.000000000000000021e-02 8.000000000000000000e+00 8.000000000000000167e-02 4.000000000000000000e+00
1.000000000000000021e-02 7.000000000000000000e+00 8.999999999999999667e-02 5.000000000000000000e+00
5.000000000000000278e-02 4.000000000000000000e+00 1.000000000000000056e-01 9.000000000000000000e+00
1.000000000000000056e-01 3.000000000000000000e+00 8.000000000000000167e-02 6.000000000000000000e+00
1.000000000000000021e-02 5.000000000000000000e+00 1.000000000000000056e-01 7.000000000000000000e+00
1.000000000000000021e-02 9.000000000000000000e+00 4.000000000000000083e-02 6.000000000000000000e+00
5.000000000000000278e-02 3.000000000000000000e+00 8.999999999999999667e-02 9.000000000000000000e+00
1.000000000000000021e-02 9.000000000000000000e+00 4.000000000000000083e-02 8.000000000000000000e+00
5.000000000000000278e-02 3.000000000000000000e+00 1.000000000000000056e-01 8.000000000000000000e+00
1.000000000000000021e-02 1.000000000000000000e+01 5.000000000000000278e-02 4.000000000000000000e+00
1.000000000000000021e-02 9.000000000000000000e+00 5.000000000000000278e-02 4.000000000000000000e+00
1.000000000000000021e-02 9.000000000000000000e+00 5.000000000000000278e-02 9.000000000000000000e+00
1.000000000000000021e-02 7.000000000000000000e+00 5.999999999999999778e-02 9.000000000000000000e+00
1.000000000000000056e-01 1.000000000000000000e+01 2.000000000000000042e-02 8.000000000000000000e+00
1.000000000000000056e-01 3.000000000000000000e+00 8.000000000000000167e-02 8.000000000000000000e+00
1.000000000000000021e-02 1.000000000000000000e+01 5.999999999999999778e-02 1.000000000000000000e+01
1.000000000000000021e-02 7.000000000000000000e+00 8.000000000000000167e-02 1.000000000000000000e+01
1.000000000000000056e-01 3.000000000000000000e+00 7.000000000000000666e-02 8.000000000000000000e+00
1.000000000000000056e-01 6.000000000000000000e+00 4.000000000000000083e-02 1.000000000000000000e+01
1.000000000000000056e-01 4.000000000000000000e+00 8.000000000000000167e-02 1.000000000000000000e+01
1.000000000000000021e-02 8.000000000000000000e+00 5.000000000000000278e-02 1.000000000000000000e+01
5.000000000000000278e-02 5.000000000000000000e+00 5.000000000000000278e-02 8.000000000000000000e+00
1.000000000000000021e-02 1.000000000000000000e+01 7.000000000000000666e-02 4.000000000000000000e+00
1.000000000000000021e-02 6.000000000000000000e+00 1.000000000000000056e-01 6.000000000000000000e+00
1.000000000000000021e-02 7.000000000000000000e+00 8.000000000000000167e-02 3.000000000000000000e+00
1.000000000000000056e-01 3.000000000000000000e+00 8.000000000000000167e-02 5.000000000000000000e+00
1.000000000000000056e-01 5.000000000000000000e+00 4.000000000000000083e-02 9.000000000000000000e+00
1.000000000000000056e-01 5.000000000000000000e+00 8.999999999999999667e-02 2.000000000000000000e+00
1.000000000000000056e-01 5.000000000000000000e+00 7.000000000000000666e-02 5.000000000000000000e+00
1.000000000000000056e-01 4.000000000000000000e+00 8.000000000000000167e-02 8.000000000000000000e+00
1.000000000000000021e-02 6.000000000000000000e+00 1.000000000000000056e-01 6.000000000000000000e+00
1.000000000000000021e-02 1.000000000000000000e+01 5.999999999999999778e-02 4.000000000000000000e+00
1.000000000000000021e-02 7.000000000000000000e+00 5.999999999999999778e-02 9.000000000000000000e+00
5.000000000000000278e-02 1.000000000000000000e+01 2.999999999999999889e-02 5.000000000000000000e+00
1.000000000000000056e-01 3.000000000000000000e+00 8.999999999999999667e-02 3.000000000000000000e+00
5.000000000000000278e-02 8.000000000000000000e+00 5.999999999999999778e-02 7.000000000000000000e+00
1.000000000000000056e-01 7.000000000000000000e+00 2.999999999999999889e-02 7.000000000000000000e+00
1.000000000000000021e-02 1.000000000000000000e+01 5.999999999999999778e-02 2.000000000000000000e+00
5.000000000000000278e-02 5.000000000000000000e+00 5.999999999999999778e-02 4.000000000000000000e+00
1.000000000000000021e-02 9.000000000000000000e+00 4.000000000000000083e-02 5.000000000000000000e+00
5.000000000000000278e-02 6.000000000000000000e+00 1.000000000000000056e-01 6.000000000000000000e+00
1.000000000000000056e-01 4.000000000000000000e+00 7.000000000000000666e-02 8.000000000000000000e+00
5.000000000000000278e-02 8.000000000000000000e+00 4.000000000000000083e-02 4.000000000000000000e+00
1.000000000000000021e-02 1.000000000000000000e+01 5.999999999999999778e-02 3.000000000000000000e+00
1.000000000000000021e-02 8.000000000000000000e+00 5.999999999999999778e-02 5.000000000000000000e+00
1.000000000000000021e-02 1.000000000000000000e+01 5.999999999999999778e-02 3.000000000000000000e+00
1.000000000000000056e-01 3.000000000000000000e+00 8.999999999999999667e-02 4.000000000000000000e+00
5.000000000000000278e-02 7.000000000000000000e+00 5.999999999999999778e-02 5.000000000000000000e+00
1.000000000000000056e-01 8.000000000000000000e+00 2.999999999999999889e-02 6.000000000000000000e+00
1.000000000000000056e-01 5.000000000000000000e+00 8.000000000000000167e-02 3.000000000000000000e+00
2.731562500000001559e-01 8.000000000000000000e+00 1.691300078262870932e-01 1.000000000000000000e+00
1.664785017453852822e-01 1.300000000000000000e+01 1.787294272146791041e-01 1.000000000000000000e+00
1.918253608796117449e-01 1.400000000000000000e+01 2.479709780566892730e-01 9.000000000000000000e+00
1.901701303754315397e-01 1.000000000000000000e+00 1.219941043044821261e-01 1.000000000000000000e+00
9.669090132802598755e-04 6.000000000000000000e+00 2.430987917274358701e-01 3.000000000000000000e+00
1.835529998668995466e-01 1.400000000000000000e+01 7.940039062499987255e-02 4.000000000000000000e+00
8.820093091418466924e-02 7.000000000000000000e+00 2.478288947356465169e-02 1.000000000000000000e+00
7.695288023533020105e-02 7.000000000000000000e+00 1.867396524266980995e-01 4.000000000000000000e+00
1.158629992381240981e-04 7.000000000000000000e+00 4.970337881059098267e-02 4.000000000000000000e+00
2.518022157221052604e-01 7.000000000000000000e+00 1.297990787929256262e-01 1.000000000000000000e+00
4.995154964025556033e-01 7.000000000000000000e+00 1.455326193397968870e-01 5.000000000000000000e+00
2.871728892405870856e-02 8.000000000000000000e+00 5.985214613086513313e-02 9.000000000000000000e+00
2.062819615438696991e-05 8.000000000000000000e+00 7.545243682472566049e-02 5.000000000000000000e+00
9.818526900084939904e-04 8.000000000000000000e+00 2.121505006989596043e-01 9.000000000000000000e+00
5.995014963019011656e-03 7.000000000000000000e+00 2.296039646395476863e-01 1.000000000000000000e+00
1.960785113223297293e-01 8.000000000000000000e+00 1.320223578750368554e-01 9.000000000000000000e+00
1.258179191448519640e-01 7.000000000000000000e+00 1.569563558533674796e-01 1.000000000000000000e+00
8.328977735263642934e-02 9.000000000000000000e+00 1.765953269612348109e-01 9.000000000000000000e+00
7.849213582192164987e-04 7.000000000000000000e+00 1.624282271726921467e-01 5.000000000000000000e+00
1.743622471346632091e-03 7.000000000000000000e+00 2.239710298414264444e-01 5.000000000000000000e+00
7.033179872658342803e-03 7.000000000000000000e+00 1.027366714068658482e-01 1.000000000000000000e+00
1.006090133114489332e-04 1.400000000000000000e+01 5.101725798856076438e-02 7.000000000000000000e+00
3.839377831268853819e-04 9.000000000000000000e+00 2.446403061554001668e-01 5.000000000000000000e+00
1.888579507969363660e-04 1.400000000000000000e+01 2.232732066025118201e-01 2.000000000000000000e+00
1.708288552614778237e-03 1.400000000000000000e+01 6.531800569534318424e-02 5.000000000000000000e+00
5.253906249998510636e-04 8.000000000000000000e+00 1.358438473158668502e-01 1.000000000000000000e+00
1.250167339441711012e-04 2.000000000000000000e+00 7.656202848953631845e-02 1.000000000000000000e+00
5.302277463513326017e-04 9.000000000000000000e+00 2.495241696920751096e-01 5.000000000000000000e+00
2.155845434878149534e-03 1.400000000000000000e+01 1.459590733091694903e-01 9.000000000000000000e+00
5.729564553041445463e-04 1.000000000000000000e+01 1.784687107505172066e-01 1.000000000000000000e+00
2.391038848173942383e-03 8.000000000000000000e+00 2.492434320428753569e-01 5.000000000000000000e+00
7.541672381712535844e-04 1.400000000000000000e+01 8.352062579233562878e-02 3.000000000000000000e+00
6.610376608033763368e-02 1.400000000000000000e+01 2.415470969049008931e-01 1.000000000000000000e+00
2.450284812827892289e-04 7.000000000000000000e+00 2.240108284475356426e-01 4.000000000000000000e+00
1.262202396675687552e-03 1.400000000000000000e+01 1.169124279303392355e-01 9.000000000000000000e+00
1.849101441113294893e-03 1.000000000000000000e+00 8.877487245020414253e-02 4.000000000000000000e+00
2.921485129101734218e-04 1.400000000000000000e+01 1.665398200305530652e-01 6.000000000000000000e+00
1.203171023668525748e-03 1.400000000000000000e+01 1.267903796886999182e-02 2.000000000000000000e+00
1.279426769304677428e-03 8.000000000000000000e+00 1.995048673941822726e-01 5.000000000000000000e+00
7.439020355367702026e-04 8.000000000000000000e+00 1.969411481352672244e-01 5.000000000000000000e+00
3.285616205769507220e-04 8.000000000000000000e+00 2.057916295138181861e-01 5.000000000000000000e+00
2.944343983813171861e-06 9.000000000000000000e+00 1.967686305222994814e-01 5.000000000000000000e+00
7.697054191450735522e-04 7.000000000000000000e+00 4.413071756622175684e-04 4.000000000000000000e+00
1.127628600720090735e-03 8.000000000000000000e+00 2.283864188948869223e-01 5.000000000000000000e+00
6.610139954823235353e-04 8.000000000000000000e+00 1.932306567456406887e-01 5.000000000000000000e+00
2.271387509616709655e-03 1.300000000000000000e+01 6.214481703373474220e-02 9.000000000000000000e+00
1.041262396962346071e-04 7.000000000000000000e+00 2.466111916733721987e-01 5.000000000000000000e+00
6.999523087541162369e-04 9.000000000000000000e+00 2.498164780386044059e-01 6.000000000000000000e+00
6.436329869729303516e-05 8.000000000000000000e+00 2.389114455873234955e-01 5.000000000000000000e+00
2.667751995059737188e-04 9.000000000000000000e+00 2.490371164910859247e-01 6.000000000000000000e+00
1.640923153624389980e-03 8.000000000000000000e+00 1.594049326400492628e-01 5.000000000000000000e+00
1.875443529283614408e-04 8.000000000000000000e+00 2.474556394707438656e-01 5.000000000000000000e+00
9.274010222389359598e-04 8.000000000000000000e+00 2.490515565377845464e-01 5.000000000000000000e+00
2.853007385986740252e-04 8.000000000000000000e+00 1.512156773414610189e-01 5.000000000000000000e+00
4.005762816105488261e-05 8.000000000000000000e+00 2.244101091408730597e-01 5.000000000000000000e+00
2.359789208983536363e-03 9.000000000000000000e+00 2.367045358838799907e-01 6.000000000000000000e+00
4.387994114640990373e-04 8.000000000000000000e+00 2.478186404354196792e-01 4.000000000000000000e+00
5.805942104465180997e-04 8.000000000000000000e+00 2.486885852593637147e-01 4.000000000000000000e+00
3.361190885256964966e-04 8.000000000000000000e+00 2.047478363143818980e-01 5.000000000000000000e+00
1.486328124999776457e-03 1.000000000000000000e+01 2.003029642477666405e-01 9.000000000000000000e+00
2.970904303787099549e-04 8.000000000000000000e+00 2.620982347103419097e-02 1.000000000000000000e+00
5.157366209703560106e-04 1.400000000000000000e+01 1.416929720136262116e-01 2.000000000000000000e+00
1.690134834954025445e-04 8.000000000000000000e+00 2.491917170490512978e-01 6.000000000000000000e+00
1.182675831063819110e-03 1.400000000000000000e+01 1.505331482524946141e-01 9.000000000000000000e+00
9.965243300807252735e-05 8.000000000000000000e+00 2.491165808193957498e-01 5.000000000000000000e+00
1.719989034354592848e-04 8.000000000000000000e+00 2.494354515756382062e-01 5.000000000000000000e+00
1.784584491447576728e-04 9.000000000000000000e+00 2.190337461214158787e-01 5.000000000000000000e+00
3.481280019261418640e-03 8.000000000000000000e+00 2.163326677818353805e-01 5.000000000000000000e+00
1.869602480458657390e-03 1.000000000000000000e+00 1.251422607349354510e-01 4.000000000000000000e+00
1.930236595846634290e-04 9.000000000000000000e+00 1.977358354264440073e-03 5.000000000000000000e+00
6.614311156642287137e-04 8.000000000000000000e+00 1.926371250440415128e-01 5.000000000000000000e+00
1.404509977635762675e-03 9.000000000000000000e+00 2.230124799250723933e-01 5.000000000000000000e+00
9.321129181664999930e-06 8.000000000000000000e+00 2.466680566059486490e-01 5.000000000000000000e+00
4.361131667748757192e-04 8.000000000000000000e+00 2.483988505589703188e-01 4.000000000000000000e+00
2.180540169118316482e-03 8.000000000000000000e+00 2.447363239479047325e-01 5.000000000000000000e+00
6.656429225591095448e-05 9.000000000000000000e+00 2.482425624293023991e-01 5.000000000000000000e+00
1.490234374999795108e-03 8.000000000000000000e+00 2.050328901477350418e-01 5.000000000000000000e+00
6.081110599504176151e-04 1.400000000000000000e+01 2.275632658931973917e-01 1.000000000000000000e+00
1.056118839811315963e-03 1.400000000000000000e+01 1.078952458043567486e-01 1.000000000000000000e+00
9.847365317831187868e-04 1.400000000000000000e+01 2.074548880847080778e-01 5.000000000000000000e+00
3.052994886259127565e-03 1.000000000000000000e+00 2.218506355979113498e-01 6.000000000000000000e+00
1.848668930111560180e-04 8.000000000000000000e+00 1.422682711201517791e-01 1.000000000000000000e+00
5.820027217615184739e-05 9.000000000000000000e+00 2.494082112352034308e-01 5.000000000000000000e+00
3.815122650453173746e-04 8.000000000000000000e+00 2.385950144024741593e-01 5.000000000000000000e+00
1.691443424901799449e-03 8.000000000000000000e+00 2.491743569865459140e-01 4.000000000000000000e+00
2.151295933611723638e-04 8.000000000000000000e+00 2.496987324080774395e-01 5.000000000000000000e+00
2.144930804213948661e-04 9.000000000000000000e+00 2.466743139089492554e-01 9.000000000000000000e+00
2.662542327481320220e-04 7.000000000000000000e+00 2.498461258106493832e-01 7.000000000000000000e+00
3.581751143915800489e-05 9.000000000000000000e+00 2.208048912301951161e-01 7.000000000000000000e+00
5.539052457833313400e-05 8.000000000000000000e+00 2.482798988944520946e-01 8.000000000000000000e+00
1.007780190565162395e-03 7.000000000000000000e+00 2.489864476406651039e-01 5.000000000000000000e+00
1.094115286590251418e-03 1.300000000000000000e+01 1.368427369197468824e-01 5.000000000000000000e+00
8.273219617894360736e-05 9.000000000000000000e+00 2.489212025439621334e-01 5.000000000000000000e+00
6.763700449381694277e-05 1.400000000000000000e+01 1.416035436367644174e-01 1.000000000000000000e+00
2.039398778871850254e-04 1.000000000000000000e+00 1.307486338716575269e-01 8.000000000000000000e+00
5.716194461572376637e-04 9.000000000000000000e+00 2.097320146164740606e-01 5.000000000000000000e+00
8.104459329056519501e-04 9.000000000000000000e+00 2.081655336186248595e-01 5.000000000000000000e+00
7.295133104407141439e-04 8.000000000000000000e+00 2.384300544785654674e-01 4.000000000000000000e+00
1.811675318431592296e-04 1.000000000000000000e+01 2.471547736675747120e-01 5.000000000000000000e+00
8.378906249997888911e-04 8.000000000000000000e+00 1.516636003344374872e-01 1.000000000000000000e+00
2.646285951032308417e-04 8.000000000000000000e+00 2.497510693304805240e-01 5.000000000000000000e+00
2.825803756143991166e-04 1.400000000000000000e+01 1.574160200102557583e-01 8.000000000000000000e+00
1.041965660724976633e-04 1.000000000000000000e+01 2.129586712423793826e-01 5.000000000000000000e+00
2.634022712852537168e-03 8.000000000000000000e+00 2.435185058567519989e-01 5.000000000000000000e+00
1.012028240146258667e-03 9.000000000000000000e+00 2.491866519442343109e-01 6.000000000000000000e+00
6.807312140703902781e-04 9.000000000000000000e+00 2.167375933011584099e-01 9.000000000000000000e+00
2.029460549910169667e-04 8.000000000000000000e+00 2.474253541944586021e-01 4.000000000000000000e+00
1.455946327074473905e-04 8.000000000000000000e+00 2.487710771011727995e-01 5.000000000000000000e+00
3.155633526173338109e-04 1.000000000000000000e+01 4.901303525806921524e-02 4.000000000000000000e+00
1.214702360493099577e-03 8.000000000000000000e+00 2.403372208635745633e-01 5.000000000000000000e+00
3.752863273993365945e-01 9.000000000000000000e+00 2.498917677180858554e-01 5.000000000000000000e+00
7.078983262251217767e-04 1.400000000000000000e+01 1.170168275276956549e-01 6.000000000000000000e+00
1.984256538437596806e-03 4.000000000000000000e+00 2.460298503788715951e-01 1.000000000000000000e+00
1.343084759434984982e-03 1.000000000000000000e+01 1.861314865803663232e-01 9.000000000000000000e+00
1.571104577331918634e-04 8.000000000000000000e+00 9.287747179003269515e-03 5.000000000000000000e+00
1.774553733211088093e-03 7.000000000000000000e+00 2.498694859543839075e-01 6.000000000000000000e+00
3.170119149670767855e-03 3.000000000000000000e+00 2.459777294330851571e-01 9.000000000000000000e+00
1.447514686045946620e-03 8.000000000000000000e+00 1.717959910239229282e-01 1.000000000000000000e+00
8.162383893665307172e-04 1.000000000000000000e+01 2.430270901730106625e-01 4.000000000000000000e+00
9.690956476735707037e-05 9.000000000000000000e+00 2.288730468750001523e-01 5.000000000000000000e+00
1.513976691211044992e-04 8.000000000000000000e+00 2.310615934138513516e-01 4.000000000000000000e+00
8.611334216969013938e-04 8.000000000000000000e+00 1.656783618716189677e-01 9.000000000000000000e+00
3.889855016317202152e-04 9.000000000000000000e+00 2.108518810109913655e-01 6.000000000000000000e+00
6.669324115478568460e-04 7.000000000000000000e+00 2.155609220158408446e-01 6.000000000000000000e+00
9.918554816309684344e-05 8.000000000000000000e+00 2.312713852024456118e-01 9.000000000000000000e+00
1.911348699260767559e-03 1.400000000000000000e+01 2.372475047620690725e-01 1.000000000000000000e+00
2.946076408729516108e-04 1.400000000000000000e+01 2.130865311237707116e-01 5.000000000000000000e+00
1.061360036716359461e-03 9.000000000000000000e+00 2.433229367754101147e-01 5.000000000000000000e+00
8.076369694415760914e-04 1.000000000000000000e+01 1.283668216769035531e-01 9.000000000000000000e+00
3.091757805353916033e-05 9.000000000000000000e+00 3.867456742104984774e-02 4.000000000000000000e+00
1.143061555237086246e-03 8.000000000000000000e+00 2.477151192539803759e-01 5.000000000000000000e+00
7.421311388543065657e-06 1.400000000000000000e+01 1.040223635339928149e-01 7.000000000000000000e+00
6.433912427203057616e-04 9.000000000000000000e+00 2.488542152018259346e-01 7.000000000000000000e+00
9.369903303218015539e-04 6.000000000000000000e+00 2.050146812049739031e-01 9.000000000000000000e+00
2.682841851966683445e-03 9.000000000000000000e+00 2.399972759816836332e-01 9.000000000000000000e+00
9.499421749792173741e-05 1.000000000000000000e+01 1.807442872819080559e-01 9.000000000000000000e+00
6.242845264555797746e-05 7.000000000000000000e+00 2.117320001069717961e-01 8.000000000000000000e+00
5.253906249998510636e-04 8.000000000000000000e+00 1.395815463175896776e-01 1.000000000000000000e+00
7.659539218625344321e-04 1.000000000000000000e+00 1.109442365849994255e-01 9.000000000000000000e+00
6.103045617218992363e-04 9.000000000000000000e+00 2.266199845071693308e-01 5.000000000000000000e+00
2.210210882505015892e-03 1.000000000000000000e+01 2.483041948379678121e-01 5.000000000000000000e+00
6.694834538795964643e-04 9.000000000000000000e+00 2.484235090302265858e-01 6.000000000000000000e+00
2.651834958105120030e-04 9.000000000000000000e+00 2.717862315165747028e-02 5.000000000000000000e+00
9.922716762785097067e-03 1.400000000000000000e+01 1.807773437500001246e-01 9.000000000000000000e+00
2.942750258668357186e-03 1.000000000000000000e+00 1.550011790096254283e-01 9.000000000000000000e+00
1.204443154954560821e-04 8.000000000000000000e+00 3.236390765643360357e-03 5.000000000000000000e+00
1.086521375102566384e-02 1.400000000000000000e+01 1.113540528631290910e-01 9.000000000000000000e+00
1.350011979795508535e-03 7.000000000000000000e+00 9.063279049919630015e-02 9.000000000000000000e+00
7.830491057435233840e-04 8.000000000000000000e+00 2.492149397630959995e-01 7.000000000000000000e+00
2.282921169283181045e-04 9.000000000000000000e+00 1.649023437500000966e-01 9.000000000000000000e+00
3.971637612272208712e-04 1.100000000000000000e+01 2.486922435079176874e-01 1.000000000000000000e+00
2.705862543403289230e-04 1.400000000000000000e+01 1.156791186487772793e-01 2.000000000000000000e+00
1.352892142767216088e-04 1.000000000000000000e+00 2.363023631219901555e-01 5.000000000000000000e+00
8.714814971425507723e-04 1.000000000000000000e+01 1.865368746322522697e-01 1.000000000000000000e+00
1.187178829273596295e-03 1.400000000000000000e+01 1.573250487682354426e-01 1.000000000000000000e+00
4.841949220806254228e-01 9.000000000000000000e+00 2.497843509924335403e-01 5.000000000000000000e+00
3.385257287272435897e-04 5.000000000000000000e+00 1.569115166557395746e-01 9.000000000000000000e+00
7.153693456191344280e-04 9.000000000000000000e+00 2.472753519914185905e-01 4.000000000000000000e+00
7.543070451054463554e-04 1.000000000000000000e+01 2.493548833828961864e-01 5.000000000000000000e+00
1.337948547830735899e-03 8.000000000000000000e+00 2.149755640335766771e-01 9.000000000000000000e+00
1.147755867354341864e-03 9.000000000000000000e+00 2.466082519146673702e-01 5.000000000000000000e+00
5.513998178756172180e-04 5.000000000000000000e+00 1.664820093367025688e-01 9.000000000000000000e+00
4.204674677434151464e-01 9.000000000000000000e+00 2.490810135501416722e-01 5.000000000000000000e+00
9.509939046451379007e-04 8.000000000000000000e+00 2.425281517183823787e-01 6.000000000000000000e+00
1.854943189757058547e-03 1.400000000000000000e+01 1.235293124564434686e-01 2.000000000000000000e+00
2.064514597056474506e-03 9.000000000000000000e+00 2.323213579245934635e-01 9.000000000000000000e+00
6.894782246216930865e-04 9.000000000000000000e+00 1.950573123176882473e-01 4.000000000000000000e+00
3.218878779852992617e-03 1.400000000000000000e+01 1.632188137507363523e-01 4.000000000000000000e+00
1.259942855034298578e-04 8.000000000000000000e+00 2.499309110053860583e-01 7.000000000000000000e+00
6.465424822649141513e-04 8.000000000000000000e+00 1.741460709361181969e-01 9.000000000000000000e+00
2.847902276872182545e-03 9.000000000000000000e+00 1.706538076688185745e-01 9.000000000000000000e+00
1.244184454281632886e-03 1.000000000000000000e+01 2.049093176931837124e-01 9.000000000000000000e+00
1.268414689027880585e-03 7.000000000000000000e+00 1.396260615416703987e-01 9.000000000000000000e+00
1.152630620418955767e-03 8.000000000000000000e+00 2.128470994240212744e-01 5.000000000000000000e+00
1.517628915324629058e-03 8.000000000000000000e+00 2.069412436094461571e-01 5.000000000000000000e+00
3.408551703634850262e-04 8.000000000000000000e+00 2.492882788145155681e-01 5.000000000000000000e+00
6.926425314308821968e-04 9.000000000000000000e+00 2.490584877785337603e-01 4.000000000000000000e+00
6.168248527469387919e-04 8.000000000000000000e+00 8.273612560795232107e-02 1.000000000000000000e+00
1.409496835739319429e-03 1.400000000000000000e+01 2.244764406195055850e-01 6.000000000000000000e+00
8.226875726298358074e-04 7.000000000000000000e+00 8.351902369232157286e-02 9.000000000000000000e+00
2.827361703449509517e-02 1.200000000000000000e+01 2.471835937500001523e-01 1.000000000000000000e+00
6.768558732258688621e-06 1.000000000000000000e+01 2.047622823986826046e-01 4.000000000000000000e+00
1.612009047047575222e-04 1.300000000000000000e+01 1.338726947116890276e-01 1.000000000000000000e+00
8.647342515370835120e-04 9.000000000000000000e+00 2.782533551554365603e-02 5.000000000000000000e+00
5.156756168416165749e-04 1.400000000000000000e+01 1.644384086361355968e-01 5.000000000000000000e+00
3.304701212842224914e-03 7.000000000000000000e+00 2.041692179991461686e-01 9.000000000000000000e+00
5.144531249999757805e-03 4.000000000000000000e+00 2.329942811864784413e-01 9.000000000000000000e+00
2.007055729697721294e-04 8.000000000000000000e+00 2.492672342589419832e-01 5.000000000000000000e+00
2.153107429862851502e-04 7.000000000000000000e+00 1.806200099738236586e-01 9.000000000000000000e+00
2.695312499997951083e-04 7.000000000000000000e+00 1.825713057733109324e-01 1.000000000000000000e+00
9.001268051086613875e-04 6.000000000000000000e+00 2.468373136376851018e-01 9.000000000000000000e+00
6.297808594248279119e-05 9.000000000000000000e+00 2.137487855993484565e-01 5.000000000000000000e+00
4.462947706820872325e-04 9.000000000000000000e+00 2.007577427404112769e-01 1.000000000000000000e+00
5.635245645636719966e-04 7.000000000000000000e+00 2.383263980203331467e-01 9.000000000000000000e+00
1.715063146957666700e-03 6.000000000000000000e+00 1.615693565754677541e-01 9.000000000000000000e+00
4.630148607445159006e-04 9.000000000000000000e+00 2.312671380699758139e-01 5.000000000000000000e+00
7.617187499998137601e-04 9.000000000000000000e+00 2.483162861306162095e-01 9.000000000000000000e+00
7.971561470223978733e-04 9.000000000000000000e+00 2.061754364048036525e-01 1.000000000000000000e+00
2.695312499997951083e-04 6.000000000000000000e+00 2.496541888093126993e-01 9.000000000000000000e+00
1.401367366245705572e-03 8.000000000000000000e+00 2.033205019148900117e-01 6.000000000000000000e+00
2.859758043589833354e-04 9.000000000000000000e+00 2.486348079212299389e-01 5.000000000000000000e+00
1.543146580725728370e-03 6.000000000000000000e+00 2.075891781469882957e-01 9.000000000000000000e+00
9.600991355143920908e-04 4.000000000000000000e+00 2.187416069751160763e-01 9.000000000000000000e+00
5.362322693052727282e-04 1.400000000000000000e+01 2.077548828125001523e-01 3.000000000000000000e+00
4.872491952349726485e-05 8.000000000000000000e+00 2.481705802448824771e-01 5.000000000000000000e+00
5.919847822358137099e-04 8.000000000000000000e+00 2.494562800465279506e-01 4.000000000000000000e+00
4.439477654116803090e-04 8.000000000000000000e+00 3.837748798265191302e-02 5.000000000000000000e+00
1.946862154097513120e-03 9.000000000000000000e+00 2.488903579025331381e-01 6.000000000000000000e+00
1.057924544051094123e-05 1.400000000000000000e+01 2.136157211152383828e-01 2.000000000000000000e+00
1.816406249997640221e-04 9.000000000000000000e+00 2.497894752000444363e-01 5.000000000000000000e+00
1.505690771752236619e-03 8.000000000000000000e+00 2.435564909946813517e-01 5.000000000000000000e+00
6.202875446046610813e-02 1.400000000000000000e+01 1.906236717011930148e-01 1.000000000000000000e+00
1.769145740609303664e-03 6.000000000000000000e+00 2.411733978879431473e-01 9.000000000000000000e+00
7.476119721140039864e-03 1.400000000000000000e+01 2.489186767615723661e-01 9.000000000000000000e+00
4.273927494570408658e-01 1.000000000000000000e+00 2.484989270120503413e-01 1.000000000000000000e+00
3.951780140108522854e-01 1.000000000000000000e+00 2.469819411598579983e-01 4.000000000000000000e+00
5.443491721707276881e-02 4.000000000000000000e+00 2.479555382868910141e-01 3.000000000000000000e+00
2.170188685930398396e-03 7.000000000000000000e+00 9.734809543661047948e-02 9.000000000000000000e+00
4.995935856962003263e-01 1.000000000000000000e+00 2.102667643086066074e-01 4.000000000000000000e+00
4.178553797261055913e-01 2.000000000000000000e+00 2.472638550230356891e-01 9.000000000000000000e+00
3.985713685485122171e-01 2.000000000000000000e+00 2.499827039764089820e-01 3.000000000000000000e+00
8.725976562499970779e-02 5.000000000000000000e+00 2.498672546572124065e-01 9.000000000000000000e+00
3.968726953367814891e-01 1.000000000000000000e+00 2.498031621428495885e-01 8.000000000000000000e+00
7.179039639682201213e-04 5.000000000000000000e+00 2.496704336675717451e-01 3.000000000000000000e+00
3.695978953420518964e-01 1.000000000000000000e+00 2.430557903962611010e-01 6.000000000000000000e+00
4.889752238739231704e-01 1.000000000000000000e+00 2.153703204084686518e-01 9.000000000000000000e+00
1.661503531348390572e-03 4.000000000000000000e+00 2.492633746260209393e-01 4.000000000000000000e+00
8.765630810593756997e-04 1.400000000000000000e+01 1.807493719876141769e-01 3.000000000000000000e+00
4.395839589484510368e-01 1.000000000000000000e+00 2.368892278174116184e-01 9.000000000000000000e+00
2.795449218750000187e-01 1.000000000000000000e+00 1.146539412548524539e-01 9.000000000000000000e+00
4.416264254088165253e-01 1.000000000000000000e+00 2.447402343750001430e-01 9.000000000000000000e+00
4.355305844492890488e-01 2.000000000000000000e+00 1.785678793933865305e-01 9.000000000000000000e+00
4.973577915340251510e-01 1.000000000000000000e+00 2.426950659661558374e-01 6.000000000000000000e+00
2.947265624999757805e-03 1.400000000000000000e+01 1.846420808076019993e-01 3.000000000000000000e+00
7.087753938177514430e-04 1.400000000000000000e+01 1.422336925518185580e-01 3.000000000000000000e+00
3.454700388447100659e-03 1.400000000000000000e+01 1.766412356365219816e-02 3.000000000000000000e+00
3.329855983032521394e-01 3.000000000000000000e+00 2.000954301218474951e-01 9.000000000000000000e+00
3.111572158123985243e-01 3.000000000000000000e+00 1.854960937500001183e-01 9.000000000000000000e+00
4.010818756199078794e-01 1.000000000000000000e+00 2.496230468750001430e-01 9.000000000000000000e+00
4.969141588874412263e-01 1.000000000000000000e+00 1.392719381435990333e-01 5.000000000000000000e+00
