1.313267413648679383e-01
8.579104689388368510e-02
5.636486222370889337e-02
1.830231141791337224e-03
1.828654432494128488e-03
4.333227291507207174e-02
1.192909159120531526e-01
7.152524074248119146e-02
1.411469441797187363e-01
3.104317328217476302e-02
1.986411175972507479e-02
5.257149915814442534e-03
1.807448273133093475e-01
2.141555630700343327e-01
8.838510679978581197e-02
9.909398252071895119e-02
2.041183760475818731e-01
1.705209985481821178e-01
1.845520317261052090e-01
3.156954232852897391e-02
1.461051579089046037e-01
4.002038021283307184e-02
7.996114810272174356e-02
2.585343806373863185e-01
2.452381998513373240e-01
1.009178007038790889e-02
6.680513143824880727e-03
2.192219976696665185e-01
2.240318555668426581e-01
2.154081980873309154e-01
1.860592357704267674e-01
2.218806308572696950e-01
1.156202144504569519e-02
8.635814567861203883e-02
2.286459791192805516e-03
2.097243115179290296e-01
2.435671508693671994e-01
3.655020909621178871e-02
5.588572238665297578e-03
2.194756450593517982e-01
7.674003458598094296e-02
1.959079291834928474e-03
6.892854358249261848e-02
2.280137412349717008e-01
1.254100732955849284e-01
1.765692179753109922e-02
2.494413630130051240e-01
2.730283496340202981e-02
1.742595927567127112e-01
2.099721858946429764e-01
4.007449755161889698e-02
2.186145631716998605e-01
2.253957666613639055e-01
1.216746258438562017e-02
1.202864431971405468e-01
3.946541691509906913e-02
2.128915872544114019e-01
6.218311873934739484e-03
2.487675575975270281e-01
1.307055837232294626e-02
2.910899953189187706e-01
3.579406810564629837e-01
4.107920427881993075e-01
2.725266103379378468e-01
1.017763610942300501e-01
3.051281366168860365e-01
2.696852130657580449e-01
2.990853516126752432e-01
2.535700392815414261e-01
2.202108843961621265e-01
3.149740081586715479e-01
6.501128978243876644e-03
1.834787186463623099e-01
2.227764088455199548e-02
8.625381400224743644e-02
3.162963323603333876e-01
2.437759047137649238e-01
3.581797689958152175e-01
2.945594201203355356e-02
2.427728855126284543e-02
1.025901918360629106e-01
4.361130332982517122e-02
1.924070207606649874e-02
9.764965044466222821e-03
8.696808756027369497e-03
1.478744701831159747e-01
2.731667991795799777e-01
2.317528606048340628e-02
2.286255220409201261e-01
9.362617632853754979e-02
8.390590791685337280e-02
5.452535501768872653e-03
3.578831094531840229e-01
6.626942896803739158e-02
1.564550535122455899e-01
2.702950283828413069e-01
5.950316817311316481e-02
2.696692331434397683e-01
5.783445317380894041e-03
2.544394291606766334e-02
1.196692233048608084e-02
2.925234216221073158e-02
2.728464781099474434e-01
8.814022917426139747e-03
1.611327981651714328e-02
3.572878954953079278e-02
2.879740199958413099e-02
7.740667939972138700e-02
4.556648828602374857e-02
2.382355311443301940e-02
2.554602955249103344e-02
1.598432748103831985e-02
1.267087212100409532e-02
4.040844992936492436e-02
3.160115214704297543e-02
1.804737902133203842e-01
3.372438862380706254e-02
9.934630911951229659e-02
4.402801688224632082e-02
1.218932184280907549e-01
2.734872590184709296e-01
3.121169039531207154e-02
5.205020419192897541e-02
2.312241404597711325e-01
5.312729808035987489e-02
4.295087485091111240e-02
1.527574862023963961e-02
5.751086986813290503e-02
2.690267437795130778e-01
2.722069702266068369e-01
1.673803858360108435e-02
6.765512881027450909e-02
6.260717731030417121e-02
5.744185596727414272e-02
5.343439110065454495e-02
3.834397203411040594e-02
3.498788813804932802e-03
6.661081562918774214e-03
9.475787896980403247e-02
2.308307838889151475e-01
2.609159772771035835e-01
2.251217252518633027e-01
3.678327146200779940e-02
2.355948378375166685e-02
5.182851169649971973e-02
5.687717055777585101e-02
1.617901147125063929e-02
1.968115489698845505e-02
2.027527525504978570e-02
2.241272637158101336e-02
5.903797403395335923e-03
7.725655895661696915e-02
2.449865191136065337e-02
1.656529811090491078e-01
2.687112677629266977e-01
3.354636311243447411e-02
2.466913156613550692e-02
3.823759172644184030e-03
1.909915064799899004e-02
1.763372477673301741e-01
3.238152976520911053e-02
1.029273908686313965e-01
1.711284970306985523e-02
7.316111964466293083e-02
1.163204201839424939e-01
7.954521016891681617e-02
6.385381968358365412e-02
3.888614006153311847e-02
2.080262108077790550e-01
3.721972435368658266e-02
3.913100269959697841e-01
1.031529285244433269e-01
2.532694297354369795e-01
1.288733399772001853e-01
2.715685139418588800e-01
7.445062949571300270e-02
1.188007395918426051e-01
9.848725409684627730e-02
4.129739634935387926e-02
4.062016236905729993e-02
6.815540902789223032e-02
2.966665890784323661e-02
1.920948178267333287e-02
1.978888868277208987e-02
2.059457188123076793e-02
1.102588374836075830e-01
4.394229691597039550e-02
6.607651460657493203e-02
1.963445747490227822e-02
2.538697484193542242e-01
1.878339530568835097e-02
3.072402753456448740e-02
1.040817530431483451e-01
2.722594421420234875e-02
2.195180862654796117e-01
3.128487214903270114e-02
6.275266800879396312e-02
2.235465267572861736e-01
2.646265085399841510e-01
4.168986647132242283e-03
2.106240009642539324e-01
4.770774029630141938e-02
2.575225618432304131e-01
3.245862596465797223e-01
2.607688556731105889e-01
2.725265641216850776e-01
2.696702435669525721e-01
5.054496373476474735e-02
3.151977327666029283e-02
6.665605737884883197e-02
2.545042048247035671e-03
5.663419071503455332e-02
2.627652043300676143e-01
5.499753641532430931e-02
6.804806472055978557e-03
3.907496846834144777e-01
7.734374397781727806e-02
3.279542324830347216e-02
1.231310041615436661e-02
3.390041531314040568e-02
6.406084526910225951e-02
5.128493133595345838e-02
3.929749173500231563e-01
1.701473510653633142e-02
5.502828380157931409e-02
1.966863231057691397e-01
6.693551553674671056e-03
1.988213486624539894e-01
1.867751663847480592e-02
1.591580263862181835e-02
1.606962211592488088e-01
9.734649166523677566e-02
2.042819331293517851e-02
9.751407834543972253e-03
1.575143705758050988e-02
1.315811110483735419e-02
4.100754343330249158e-02
2.473755349414427929e-01
2.041884637729919350e-01
9.509610065236598353e-02
3.110470108882490980e-01
4.844460045077825239e-02
1.301347651999446575e-01
2.522836989539002372e-01
1.133748829571453037e-01
8.464258685211023536e-02
4.534368617290934073e-02
1.025332847271146104e-02
2.266176725915508214e-02
1.976728207214947519e-01
1.535941179630113430e-02
1.157709549911024871e-02
8.759554439408061277e-02
4.735145327664501413e-02
3.803037208424731030e-02
2.158989897580078365e-02
1.420559645756662159e-01
3.987765268371893518e-02
1.938061936383579306e-02
2.166508851355258836e-02
2.696977722982790357e-02
4.340769337228195246e-02
1.506434006877766796e-01
4.200791071876622956e-02
4.796948656817452694e-02
2.118648714013428302e-02
2.615623455676103215e-01
1.888373840401296189e-01
5.335252832102519577e-02
1.612810429849907690e-02
7.407120830620836371e-02
3.407995658466937972e-01
1.982833079697048084e-02
3.502975569697966973e-01
2.734872585810451673e-01
7.295796989608062388e-02
1.134065786522383545e-01
1.550403905720451440e-02
1.945632542789138275e-01
4.443240963941635924e-02
2.633830576185377526e-01
3.050590219123062163e-01
3.647198276032782155e-02
1.749067150471013687e-01
9.503705982478535819e-02
7.510809226199388622e-02
1.951880762079594156e-01
1.071339132634007707e-01
7.609588171266293277e-02
2.562164791611493686e-01
6.538826994179615382e-02
1.709428089978262677e-01
3.757116225495919087e-02
2.253253410544260316e-01
4.636148517666686952e-03
2.715683908824243487e-01
2.258475559030477253e-01
2.274527935077748086e-01
2.596456528497138178e-02
2.687191990305097256e-01
