5.000000000000000278e-02 5.000000000000000000e+00 8.999999999999999667e-02 4.000000000000000000e+00
5.000000000000000278e-02 6.000000000000000000e+00 1.000000000000000056e-01 1.000000000000000000e+00
1.000000000000000021e-02 1.000000000000000000e+01 4.000000000000000083e-02 6.000000000000000000e+00
1.000000000000000021e-02 8.000000000000000000e+00 5.999999999999999778e-02 7.000000000000000000e+00
1.000000000000000021e-02 7.000000000000000000e+00 8.999999999999999667e-02 4.000000000000000000e+00
1.000000000000000021e-02 8.000000000000000000e+00 5.999999999999999778e-02 7.000000000000000000e+00
1.000000000000000021e-02 7.000000000000000000e+00 5.000000000000000278e-02 8.000000000000000000e+00
1.000000000000000021e-02 5.000000000000000000e+00 8.000000000000000167e-02 1.000000000000000000e+01
1.000000000000000021e-02 7.000000000000000000e+00 5.999999999999999778e-02 8.000000000000000000e+00
1.000000000000000021e-02 8.000000000000000000e+00 5.999999999999999778e-02 7.000000000000000000e+00
1.000000000000000021e-02 7.000000000000000000e+00 5.999999999999999778e-02 6.000000000000000000e+00
5.000000000000000278e-02 8.000000000000000000e+00 7.000000000000000666e-02 4.000000000000000000e+00
1.000000000000000021e-02 8.000000000000000000e+00 8.000000000000000167e-02 6.000000000000000000e+00
1.000000000000000021e-02 9.000000000000000000e+00 4.000000000000000083e-02 1.000000000000000000e+01
1.000000000000000021e-02 8.000000000000000000e+00 8.999999999999999667e-02 5.000000000000000000e+00
1.000000000000000021e-02 6.000000000000000000e+00 1.000000000000000056e-01 7.000000000000000000e+00
1.000000000000000021e-02 7.000000000000000000e+00 5.999999999999999778e-02 9.000000000000000000e+00
1.000000000000000021e-02 1.000000000000000000e+01 5.000000000000000278e-02 5.000000000000000000e+00
1.000000000000000021e-02 5.000000000000000000e+00 1.000000000000000056e-01 1.000000000000000000e+01
5.000000000000000278e-02 3.000000000000000000e+00 1.000000000000000056e-01 1.000000000000000000e+01
5.000000000000000278e-02 5.000000000000000000e+00 5.000000000000000278e-02 5.000000000000000000e+00
5.000000000000000278e-02 4.000000000000000000e+00 1.000000000000000056e-01 9.000000000000000000e+00
1.000000000000000021e-02 7.000000000000000000e+00 8.999999999999999667e-02 9.000000000000000000e+00
5.000000000000000278e-02 4.000000000000000000e+00 1.000000000000000056e-01 6.000000000000000000e+00
1.000000000000000056e-01 9.000000000000000000e+00 2.000000000000000042e-02 8.000000000000000000e+00
5.000000000000000278e-02 4.000000000000000000e+00 8.999999999999999667e-02 9.000000000000000000e+00
1.000000000000000021e-02 5.000000000000000000e+00 8.999999999999999667e-02 1.000000000000000000e+01
1.000000000000000021e-02 7.000000000000000000e+00 8.999999999999999667e-02 6.000000000000000000e+00
1.000000000000000056e-01 3.000000000000000000e+00 8.000000000000000167e-02 9.000000000000000000e+00
1.000000000000000056e-01 4.000000000000000000e+00 7.000000000000000666e-02 9.000000000000000000e+00
1.000000000000000021e-02 8.000000000000000000e+00 1.000000000000000056e-01 4.000000000000000000e+00
1.000000000000000056e-01 1.000000000000000000e+01 2.000000000000000042e-02 8.000000000000000000e+00
1.000000000000000021e-02 5.000000000000000000e+00 8.000000000000000167e-02 1.000000000000000000e+01
1.000000000000000021e-02 9.000000000000000000e+00 5.000000000000000278e-02 4.000000000000000000e+00
1.000000000000000021e-02 9.000000000000000000e+00 5.000000000000000278e-02 4.000000000000000000e+00
1.000000000000000021e-02 7.000000000000000000e+00 5.999999999999999778e-02 7.000000000000000000e+00
1.000000000000000021e-02 7.000000000000000000e+00 8.000000000000000167e-02 4.000000000000000000e+00
1.000000000000000056e-01 4.000000000000000000e+00 8.000000000000000167e-02 7.000000000000000000e+00
1.000000000000000056e-01 3.000000000000000000e+00 8.000000000000000167e-02 7.000000000000000000e+00
1.000000000000000021e-02 8.000000000000000000e+00 7.000000000000000666e-02 5.000000000000000000e+00
1.000000000000000021e-02 9.000000000000000000e+00 5.000000000000000278e-02 6.000000000000000000e+00
1.000000000000000056e-01 4.000000000000000000e+00 8.000000000000000167e-02 6.000000000000000000e+00
1.000000000000000056e-01 3.000000000000000000e+00 7.000000000000000666e-02 6.000000000000000000e+00
1.000000000000000021e-02 9.000000000000000000e+00 5.000000000000000278e-02 6.000000000000000000e+00
1.000000000000000056e-01 8.000000000000000000e+00 2.999999999999999889e-02 1.000000000000000000e+01
1.000000000000000021e-02 1.000000000000000000e+01 5.000000000000000278e-02 9.000000000000000000e+00
1.000000000000000021e-02 9.000000000000000000e+00 4.000000000000000083e-02 1.000000000000000000e+01
5.000000000000000278e-02 5.000000000000000000e+00 5.999999999999999778e-02 5.000000000000000000e+00
1.000000000000000021e-02 7.000000000000000000e+00 7.000000000000000666e-02 7.000000000000000000e+00
1.000000000000000056e-01 7.000000000000000000e+00 5.999999999999999778e-02 1.000000000000000000e+00
5.000000000000000278e-02 9.000000000000000000e+00 2.999999999999999889e-02 8.000000000000000000e+00
5.000000000000000278e-02 5.000000000000000000e+00 5.999999999999999778e-02 6.000000000000000000e+00
1.000000000000000056e-01 4.000000000000000000e+00 8.999999999999999667e-02 5.000000000000000000e+00
1.000000000000000056e-01 1.000000000000000000e+01 2.000000000000000042e-02 1.000000000000000000e+01
5.000000000000000278e-02 3.000000000000000000e+00 1.000000000000000056e-01 8.000000000000000000e+00
1.000000000000000021e-02 9.000000000000000000e+00 5.999999999999999778e-02 2.000000000000000000e+00
5.000000000000000278e-02 5.000000000000000000e+00 5.000000000000000278e-02 5.000000000000000000e+00
5.000000000000000278e-02 3.000000000000000000e+00 8.999999999999999667e-02 8.000000000000000000e+00
1.000000000000000056e-01 3.000000000000000000e+00 7.000000000000000666e-02 1.000000000000000000e+01
1.000000000000000021e-02 8.000000000000000000e+00 8.999999999999999667e-02 2.000000000000000000e+00
1.400058593749997637e-01 1.400000000000000000e+01 9.251962564128596300e-02 1.000000000000000000e+00
2.602822047399286354e-01 8.000000000000000000e+00 1.374592841201568438e-01 1.000000000000000000e+00
2.303010097471690741e-03 8.000000000000000000e+00 1.946332556953412896e-01 2.000000000000000000e+00
1.245624072109114116e-04 8.000000000000000000e+00 2.205929714967274358e-01 2.000000000000000000e+00
2.408314066347319038e-01 1.000000000000000000e+00 2.158557901071826990e-01 1.000000000000000000e+00
4.973093831456355113e-02 9.000000000000000000e+00 2.278641223490987522e-01 2.000000000000000000e+00
1.865854602929437611e-01 8.000000000000000000e+00 8.519252531326175493e-02 3.000000000000000000e+00
1.205512245897954055e-01 8.000000000000000000e+00 1.272986071039996780e-01 3.000000000000000000e+00
7.114231014496182059e-02 8.000000000000000000e+00 4.591881632794284074e-02 3.000000000000000000e+00
2.164531249999999130e-01 1.400000000000000000e+01 1.394776649701689186e-01 4.000000000000000000e+00
4.423553425542525036e-04 8.000000000000000000e+00 1.399896599992554447e-01 2.000000000000000000e+00
4.994659851827775721e-01 8.000000000000000000e+00 1.466835854906779757e-01 3.000000000000000000e+00
1.481333031537453680e-03 8.000000000000000000e+00 1.634654799465661834e-01 3.000000000000000000e+00
8.411214057847801392e-03 8.000000000000000000e+00 2.440349183559487045e-02 3.000000000000000000e+00
2.006607247482979917e-01 1.000000000000000000e+01 1.522903117683457597e-01 1.000000000000000000e+00
3.899199218750001306e-01 1.400000000000000000e+01 1.645917972986878086e-01 1.000000000000000000e+00
3.405648985655698388e-04 8.000000000000000000e+00 2.128774577149236957e-01 3.000000000000000000e+00
1.048337202267541138e-03 8.000000000000000000e+00 2.420596467204806923e-01 3.000000000000000000e+00
1.408823756716632292e-01 8.000000000000000000e+00 2.496993047628420503e-01 3.000000000000000000e+00
2.889631831628581247e-03 8.000000000000000000e+00 1.708161118106033549e-01 3.000000000000000000e+00
2.801474991612803306e-02 8.000000000000000000e+00 1.099089534944379665e-01 3.000000000000000000e+00
1.420703370343466554e-03 8.000000000000000000e+00 1.638103691228375292e-01 3.000000000000000000e+00
1.815907906898252266e-01 8.000000000000000000e+00 2.318710937500000902e-01 3.000000000000000000e+00
7.670171541574599683e-02 8.000000000000000000e+00 2.190654296875001461e-01 4.000000000000000000e+00
2.862517717824777236e-05 8.000000000000000000e+00 1.676422380159353631e-01 3.000000000000000000e+00
2.369127276924986800e-03 8.000000000000000000e+00 5.975395529865888677e-02 3.000000000000000000e+00
1.786805925814204631e-03 9.000000000000000000e+00 1.541477112197032762e-01 3.000000000000000000e+00
3.616706467916928208e-04 9.000000000000000000e+00 2.291788614389490553e-01 3.000000000000000000e+00
2.877082996169053053e-05 9.000000000000000000e+00 1.542949812372254592e-01 3.000000000000000000e+00
1.290889007523081042e-04 9.000000000000000000e+00 7.595251968523381025e-02 3.000000000000000000e+00
1.428275612032005593e-01 9.000000000000000000e+00 2.384996064419251105e-01 3.000000000000000000e+00
1.581518710156475938e-01 1.400000000000000000e+01 1.306816406249999285e-01 7.000000000000000000e+00
4.415051462110983725e-04 9.000000000000000000e+00 1.052605596848518871e-01 3.000000000000000000e+00
5.050852149690449044e-04 9.000000000000000000e+00 1.344425611704269108e-01 3.000000000000000000e+00
3.759334436807685101e-04 9.000000000000000000e+00 1.140554644574817977e-01 3.000000000000000000e+00
3.195970157816591106e-02 9.000000000000000000e+00 1.563613051357431172e-01 3.000000000000000000e+00
6.532284495972173755e-02 8.000000000000000000e+00 2.490261492716928926e-01 3.000000000000000000e+00
2.121621421124229856e-03 9.000000000000000000e+00 2.149741426524817423e-01 3.000000000000000000e+00
1.572622662711382381e-03 9.000000000000000000e+00 1.575465710746224157e-01 3.000000000000000000e+00
1.777320264680431420e-04 9.000000000000000000e+00 1.070438043498569830e-01 3.000000000000000000e+00
4.136639294072420175e-04 9.000000000000000000e+00 1.897756262598566390e-01 3.000000000000000000e+00
1.927548756097336238e-02 9.000000000000000000e+00 1.400071778633402708e-01 3.000000000000000000e+00
2.879650958350380915e-03 9.000000000000000000e+00 1.363448623533979609e-01 3.000000000000000000e+00
2.057356720850834486e-01 9.000000000000000000e+00 5.928378502442002707e-02 1.000000000000000000e+00
6.870634483143709531e-03 9.000000000000000000e+00 1.928191899261245124e-01 1.000000000000000000e+00
1.661621261416394019e-03 9.000000000000000000e+00 1.478566214638649401e-01 1.000000000000000000e+00
1.783467992210284736e-01 9.000000000000000000e+00 1.006696153553181261e-01 1.000000000000000000e+00
8.067875225052587029e-02 9.000000000000000000e+00 2.113589216230529200e-01 1.000000000000000000e+00
9.945000721033284141e-02 9.000000000000000000e+00 1.505169643333964524e-01 1.000000000000000000e+00
2.148437499977645659e-05 9.000000000000000000e+00 1.319273861417354643e-01 3.000000000000000000e+00
6.100245366719032197e-02 9.000000000000000000e+00 2.300471027530312240e-01 3.000000000000000000e+00
2.366521032893977375e-03 9.000000000000000000e+00 1.169472645735145644e-01 3.000000000000000000e+00
1.544726106043307901e-02 9.000000000000000000e+00 1.383903124453302602e-01 3.000000000000000000e+00
5.828063950019928691e-04 9.000000000000000000e+00 2.142273946878813229e-01 3.000000000000000000e+00
1.141478343566593584e-01 9.000000000000000000e+00 1.557636747086286744e-01 1.000000000000000000e+00
5.617259680647792783e-04 9.000000000000000000e+00 1.525243264209663330e-01 3.000000000000000000e+00
2.081757198376478490e-03 9.000000000000000000e+00 1.628891581935036637e-01 3.000000000000000000e+00
1.458172056731535035e-03 9.000000000000000000e+00 1.611842114400489634e-01 3.000000000000000000e+00
9.923852953899053864e-05 9.000000000000000000e+00 1.185613724408300096e-01 3.000000000000000000e+00
9.546337042424767050e-04 9.000000000000000000e+00 1.774547003514533872e-01 3.000000000000000000e+00
4.063238629200514873e-04 9.000000000000000000e+00 1.599547906015660881e-01 3.000000000000000000e+00
6.082800711864457324e-04 9.000000000000000000e+00 1.889705137218440356e-01 3.000000000000000000e+00
5.158502371572139950e-04 9.000000000000000000e+00 2.096860292781656254e-01 3.000000000000000000e+00
9.682705170251500182e-03 9.000000000000000000e+00 1.773908513873284909e-01 3.000000000000000000e+00
1.688773203680844943e-03 9.000000000000000000e+00 1.806159389987536668e-01 3.000000000000000000e+00
4.430353977384615671e-05 9.000000000000000000e+00 1.736239330577274975e-01 3.000000000000000000e+00
5.215121771030652165e-02 9.000000000000000000e+00 2.225213441998488140e-01 3.000000000000000000e+00
1.863442297439924303e-02 9.000000000000000000e+00 2.150811653618097397e-01 3.000000000000000000e+00
2.285503503535494477e-03 9.000000000000000000e+00 1.548419288252638193e-01 3.000000000000000000e+00
6.056445114974483637e-04 9.000000000000000000e+00 1.907702183637137172e-01 3.000000000000000000e+00
5.386620987564998131e-02 9.000000000000000000e+00 1.716640541819628440e-01 3.000000000000000000e+00
7.107966155059106464e-04 9.000000000000000000e+00 8.950468842799576275e-02 3.000000000000000000e+00
2.163033076378780440e-03 9.000000000000000000e+00 1.238965428695277399e-01 3.000000000000000000e+00
5.992062852264627010e-02 9.000000000000000000e+00 1.466960772094171028e-01 3.000000000000000000e+00
8.689184510336477041e-04 9.000000000000000000e+00 1.291773399905418174e-01 3.000000000000000000e+00
1.462617288988813172e-04 9.000000000000000000e+00 1.447839280474000068e-01 3.000000000000000000e+00
3.789701685254582425e-02 9.000000000000000000e+00 1.021705486627328963e-01 4.000000000000000000e+00
4.963822882366724504e-04 9.000000000000000000e+00 1.934737207237431089e-01 3.000000000000000000e+00
6.533009077455467772e-02 9.000000000000000000e+00 1.306334682479129428e-01 3.000000000000000000e+00
1.261172202127174014e-03 9.000000000000000000e+00 2.082860478811704164e-01 3.000000000000000000e+00
2.512484872433795070e-03 9.000000000000000000e+00 1.243943296017194777e-01 3.000000000000000000e+00
4.614298458808562681e-02 9.000000000000000000e+00 2.108358940360229861e-01 3.000000000000000000e+00
2.185688667275991273e-04 9.000000000000000000e+00 1.326105946008060699e-01 3.000000000000000000e+00
1.480815179676214788e-04 9.000000000000000000e+00 1.626373762186767991e-01 3.000000000000000000e+00
2.946558798953214514e-03 9.000000000000000000e+00 2.050333872870344076e-01 3.000000000000000000e+00
1.513671874999907019e-03 9.000000000000000000e+00 2.134242846399941884e-01 3.000000000000000000e+00
1.795158199635972073e-03 9.000000000000000000e+00 2.160273205871653668e-01 3.000000000000000000e+00
2.303065700983895035e-03 9.000000000000000000e+00 1.927517106962024773e-01 3.000000000000000000e+00
1.370874273135033045e-04 9.000000000000000000e+00 2.399300183397920783e-01 4.000000000000000000e+00
6.767809725003346918e-04 9.000000000000000000e+00 1.657402544437651670e-01 3.000000000000000000e+00
6.080957714509321183e-05 9.000000000000000000e+00 1.681334890506971935e-01 3.000000000000000000e+00
1.804672364670043298e-03 9.000000000000000000e+00 2.186180107200937917e-01 3.000000000000000000e+00
8.483006776995177800e-04 9.000000000000000000e+00 2.242590524635458826e-01 4.000000000000000000e+00
1.332932260002057945e-02 9.000000000000000000e+00 2.403476562500001523e-01 4.000000000000000000e+00
9.604327419349290712e-04 9.000000000000000000e+00 1.661247316980275779e-01 4.000000000000000000e+00
5.078753093904122412e-04 9.000000000000000000e+00 1.726598603130229947e-01 4.000000000000000000e+00
5.301537801323366649e-04 9.000000000000000000e+00 1.178682254212101155e-01 4.000000000000000000e+00
4.636485602178691545e-04 9.000000000000000000e+00 1.749765677298912303e-01 4.000000000000000000e+00
2.394178778380162687e-04 9.000000000000000000e+00 2.005163290549645816e-01 4.000000000000000000e+00
7.280661746090089786e-05 9.000000000000000000e+00 1.779794935508242082e-01 4.000000000000000000e+00
1.359107014899660903e-01 1.400000000000000000e+01 5.491369958512888616e-02 3.000000000000000000e+00
3.163302918032032118e-02 9.000000000000000000e+00 2.395437388853720873e-01 4.000000000000000000e+00
1.620544930225766844e-01 1.400000000000000000e+01 7.395751211267211078e-02 1.000000000000000000e+00
3.802980897925200415e-04 9.000000000000000000e+00 2.189033203125001492e-01 3.000000000000000000e+00
1.238281249999757805e-03 9.000000000000000000e+00 2.457278138976111970e-01 4.000000000000000000e+00
1.301285089989659936e-03 9.000000000000000000e+00 2.084251667769883298e-01 3.000000000000000000e+00
1.140638842016487159e-03 1.000000000000000000e+01 7.595281521133985525e-02 3.000000000000000000e+00
1.532764977207217751e-03 9.000000000000000000e+00 1.880210469208253021e-01 4.000000000000000000e+00
2.039101101490810586e-01 1.400000000000000000e+01 1.523260746717692848e-01 4.000000000000000000e+00
4.503937240733129135e-04 9.000000000000000000e+00 1.430017369725799514e-01 4.000000000000000000e+00
1.765509182831206947e-04 9.000000000000000000e+00 2.449042968750001492e-01 4.000000000000000000e+00
2.200285212709726310e-03 9.000000000000000000e+00 2.401305855055201888e-01 4.000000000000000000e+00
3.582126310520564183e-02 9.000000000000000000e+00 2.392275010771544863e-01 4.000000000000000000e+00
4.107832031250002736e-01 1.400000000000000000e+01 1.953818359375001368e-01 9.000000000000000000e+00
1.622053442490354047e-01 1.400000000000000000e+01 2.270100020886939296e-01 1.000000000000000000e+00
2.075726579674128103e-04 9.000000000000000000e+00 1.741074099364293415e-01 4.000000000000000000e+00
3.816855028588592505e-04 9.000000000000000000e+00 1.305241401236111876e-01 4.000000000000000000e+00
1.271539223150200057e-05 9.000000000000000000e+00 1.430162005543056669e-01 4.000000000000000000e+00
5.497090840186617811e-02 9.000000000000000000e+00 2.397608377120038214e-01 4.000000000000000000e+00
1.341253107691869895e-04 9.000000000000000000e+00 2.455903023014888442e-01 4.000000000000000000e+00
1.174737272931075660e-04 9.000000000000000000e+00 2.139475529206218141e-01 4.000000000000000000e+00
6.213788000693960117e-02 9.000000000000000000e+00 1.357279406373285979e-01 4.000000000000000000e+00
7.011856371149402523e-02 9.000000000000000000e+00 2.410868797856402790e-01 4.000000000000000000e+00
5.203578001129445518e-02 1.400000000000000000e+01 2.252178870294870849e-01 9.000000000000000000e+00
1.894205121252655853e-03 9.000000000000000000e+00 2.471510382977985809e-01 4.000000000000000000e+00
1.610909187997634599e-03 9.000000000000000000e+00 2.127667647254031513e-01 4.000000000000000000e+00
2.366270620202926521e-04 9.000000000000000000e+00 1.345058355719015164e-01 4.000000000000000000e+00
4.890347256492847544e-05 9.000000000000000000e+00 5.830814076833266968e-02 4.000000000000000000e+00
1.625382441540783318e-02 9.000000000000000000e+00 2.004316277873798569e-01 4.000000000000000000e+00
3.343951362030569974e-05 9.000000000000000000e+00 1.366711623318073721e-01 4.000000000000000000e+00
4.989927948083691112e-01 9.000000000000000000e+00 2.208563235404131797e-01 4.000000000000000000e+00
5.754038402492108600e-04 9.000000000000000000e+00 1.981134234837307884e-01 4.000000000000000000e+00
6.248801286714782133e-03 1.400000000000000000e+01 1.851012534384777475e-01 4.000000000000000000e+00
5.924933063998581023e-05 9.000000000000000000e+00 2.313070597189328115e-01 4.000000000000000000e+00
5.895365797727394191e-03 1.400000000000000000e+01 1.045504750643394681e-01 5.000000000000000000e+00
1.271459298899197884e-03 1.000000000000000000e+01 2.064661845036418475e-01 4.000000000000000000e+00
1.079424821186225625e-05 1.000000000000000000e+01 2.400948793140078030e-01 3.000000000000000000e+00
1.692596140406689778e-02 1.000000000000000000e+01 1.346333037441483083e-01 1.000000000000000000e+00
3.634833672008872668e-04 9.000000000000000000e+00 1.432711318274815793e-01 4.000000000000000000e+00
6.147137932458798110e-04 9.000000000000000000e+00 2.441597916573567950e-01 4.000000000000000000e+00
1.898507210444054343e-03 9.000000000000000000e+00 2.498632884969020085e-01 4.000000000000000000e+00
1.271742403245708711e-04 1.000000000000000000e+01 1.903086342757510652e-01 4.000000000000000000e+00
3.644960211711665600e-04 9.000000000000000000e+00 2.136795156460225276e-01 4.000000000000000000e+00
7.521174872729321365e-05 9.000000000000000000e+00 2.275071289681404596e-01 4.000000000000000000e+00
2.968293783971957117e-04 9.000000000000000000e+00 1.808477224538324324e-01 4.000000000000000000e+00
5.203429961924215495e-04 1.000000000000000000e+01 2.311645998587141260e-01 4.000000000000000000e+00
3.108124373612970032e-02 9.000000000000000000e+00 2.212745557734216439e-01 4.000000000000000000e+00
1.400604173231498606e-01 1.400000000000000000e+01 1.284377868917821186e-01 9.000000000000000000e+00
1.679335937499998321e-01 1.400000000000000000e+01 1.542792968749999161e-01 5.000000000000000000e+00
1.631227108157813910e-01 1.400000000000000000e+01 2.143294587887971114e-01 1.000000000000000000e+00
2.104582350513344718e-04 9.000000000000000000e+00 1.384647994290524875e-01 4.000000000000000000e+00
1.401124587438367167e-04 9.000000000000000000e+00 1.816098710749840250e-01 4.000000000000000000e+00
6.859416866040511998e-04 9.000000000000000000e+00 2.066737568656839552e-01 4.000000000000000000e+00
6.729946690173781165e-02 6.000000000000000000e+00 1.503258572138394533e-01 1.000000000000000000e+00
8.440040105485346889e-02 6.000000000000000000e+00 1.745517578125001246e-01 1.000000000000000000e+00
1.224097461618760198e-04 9.000000000000000000e+00 1.107038612260158039e-01 4.000000000000000000e+00
5.477302047956742609e-03 7.000000000000000000e+00 1.358994072121755547e-01 1.000000000000000000e+00
5.400724808452136289e-02 1.400000000000000000e+01 2.279780618080395616e-01 4.000000000000000000e+00
3.326925861075221147e-01 6.000000000000000000e+00 1.674785156249999907e-01 1.000000000000000000e+00
1.411232603927842499e-01 6.000000000000000000e+00 1.750785745964945073e-01 1.000000000000000000e+00
1.679021708327770868e-01 1.400000000000000000e+01 1.095979061826474754e-01 5.000000000000000000e+00
1.249816364853580455e-04 8.000000000000000000e+00 2.092865216350903446e-01 4.000000000000000000e+00
1.141977609579051048e-04 9.000000000000000000e+00 9.629199612488646698e-02 4.000000000000000000e+00
9.816306937956642553e-02 1.400000000000000000e+01 1.717738429167720571e-01 9.000000000000000000e+00
2.984526218327929886e-04 9.000000000000000000e+00 2.496113442212536393e-01 5.000000000000000000e+00
2.885950745629304870e-01 6.000000000000000000e+00 2.474520733424859786e-01 1.000000000000000000e+00
9.425827600156519437e-05 8.000000000000000000e+00 2.432212757057573838e-01 5.000000000000000000e+00
3.309538624826293025e-04 9.000000000000000000e+00 1.680829583394655435e-01 4.000000000000000000e+00
7.548528440721319344e-04 9.000000000000000000e+00 2.482717323724251413e-01 5.000000000000000000e+00
5.279032975857821108e-04 9.000000000000000000e+00 1.265191267354277560e-01 5.000000000000000000e+00
9.010745067834953492e-05 9.000000000000000000e+00 1.906803474549133570e-01 5.000000000000000000e+00
1.726562499999757805e-03 9.000000000000000000e+00 1.701198772639866685e-01 5.000000000000000000e+00
1.562721061142424012e-03 8.000000000000000000e+00 1.941933470747823076e-01 5.000000000000000000e+00
3.446985528771963347e-05 8.000000000000000000e+00 2.239874661592563265e-01 5.000000000000000000e+00
6.206980312359108160e-04 8.000000000000000000e+00 2.022243437499848251e-01 5.000000000000000000e+00
1.805740599450580009e-03 8.000000000000000000e+00 2.493380449783564046e-01 5.000000000000000000e+00
8.143931766217181803e-04 8.000000000000000000e+00 1.659636894327798651e-01 5.000000000000000000e+00
6.717331853081688620e-04 8.000000000000000000e+00 2.288059729404288145e-01 5.000000000000000000e+00
3.895759181592683106e-04 8.000000000000000000e+00 1.485262651868345107e-01 5.000000000000000000e+00
1.494735032369876385e-03 8.000000000000000000e+00 1.813877137924659044e-01 5.000000000000000000e+00
1.026202638678495593e-01 4.000000000000000000e+00 1.353742257884682221e-01 1.000000000000000000e+00
3.069301627341833316e-01 4.000000000000000000e+00 1.672685795849893076e-01 1.000000000000000000e+00
1.249185464413466243e-02 1.100000000000000000e+01 2.005450820026840886e-01 1.000000000000000000e+00
2.071276430621701858e-01 1.400000000000000000e+01 1.258058965148684816e-01 6.000000000000000000e+00
2.173429041589820809e-01 4.000000000000000000e+00 8.000653497494476796e-02 1.000000000000000000e+00
1.940661460662358728e-03 8.000000000000000000e+00 2.049730162443264003e-01 5.000000000000000000e+00
6.125469951545545189e-04 8.000000000000000000e+00 2.255456313620313735e-01 5.000000000000000000e+00
2.649265467142940256e-05 8.000000000000000000e+00 1.944550971906938708e-01 5.000000000000000000e+00
3.079187197188381631e-01 1.400000000000000000e+01 4.552400327246093614e-02 9.000000000000000000e+00
3.079137186940442694e-01 1.000000000000000000e+00 7.803125523622878035e-02 9.000000000000000000e+00
3.212509445843799716e-01 1.400000000000000000e+01 7.008906693757409323e-02 9.000000000000000000e+00
1.238281249999757805e-03 8.000000000000000000e+00 1.860905362959007492e-01 5.000000000000000000e+00
1.464978843627312566e-06 8.000000000000000000e+00 1.965187508527812543e-01 5.000000000000000000e+00
1.194883573297019774e-01 1.400000000000000000e+01 1.821129375393648608e-01 7.000000000000000000e+00
1.443985717605644759e-01 1.400000000000000000e+01 2.048738944005747964e-01 9.000000000000000000e+00
2.391512162120105686e-03 8.000000000000000000e+00 2.499535777425591077e-01 5.000000000000000000e+00
5.596727459233449831e-02 1.400000000000000000e+01 1.401637819264327789e-01 8.000000000000000000e+00
2.075576072581988580e-03 8.000000000000000000e+00 2.276362498681614444e-01 5.000000000000000000e+00
5.370105652553343323e-02 1.400000000000000000e+01 1.948244565150649144e-01 2.000000000000000000e+00
1.746466526304606137e-04 8.000000000000000000e+00 1.307984023502847259e-01 5.000000000000000000e+00
5.343861123399752666e-02 8.000000000000000000e+00 2.495219155087278762e-01 5.000000000000000000e+00
1.745548481517593788e-03 8.000000000000000000e+00 2.277512387229259361e-01 5.000000000000000000e+00
4.011517693594444933e-03 8.000000000000000000e+00 2.470807408704960018e-01 5.000000000000000000e+00
4.233344817122529358e-02 1.400000000000000000e+01 2.045179726254199026e-01 2.000000000000000000e+00
1.335955540855028947e-02 1.400000000000000000e+01 2.251990013072685815e-01 9.000000000000000000e+00
1.754726562500000808e-01 1.400000000000000000e+01 1.660019531249999347e-01 6.000000000000000000e+00
2.031087043543996964e-04 8.000000000000000000e+00 2.028761353185906946e-01 5.000000000000000000e+00
4.196484548550892535e-04 8.000000000000000000e+00 1.265548315612013419e-01 5.000000000000000000e+00
2.356463955042891745e-01 1.400000000000000000e+01 1.661160949786191776e-01 9.000000000000000000e+00
2.790087744380005674e-04 8.000000000000000000e+00 2.325826889774260109e-01 5.000000000000000000e+00
6.714622781222748249e-02 8.000000000000000000e+00 2.477719288627813765e-01 5.000000000000000000e+00
1.547235557772651520e-03 8.000000000000000000e+00 2.385473343909244870e-01 5.000000000000000000e+00
4.361857287167360542e-01 1.400000000000000000e+01 1.570744115864843027e-02 7.000000000000000000e+00
4.749421437490029124e-02 6.000000000000000000e+00 1.372321037490714934e-01 1.000000000000000000e+00
2.215312703144537154e-01 1.400000000000000000e+01 1.645420034784276508e-01 9.000000000000000000e+00
2.316294251782612112e-04 8.000000000000000000e+00 2.495521739491335100e-01 5.000000000000000000e+00
8.737416159937980847e-03 8.000000000000000000e+00 2.492976884571588281e-01 5.000000000000000000e+00
2.613857821506726173e-04 8.000000000000000000e+00 2.244108662332380821e-01 5.000000000000000000e+00
2.093295238022869695e-02 6.000000000000000000e+00 1.931742098663103424e-01 1.000000000000000000e+00
1.136064905458135550e-03 8.000000000000000000e+00 2.481865008860122124e-01 6.000000000000000000e+00
2.232703808136549811e-02 1.400000000000000000e+01 2.964813863173841602e-02 7.000000000000000000e+00
2.190098277291628592e-02 7.000000000000000000e+00 2.427177522483810745e-01 1.000000000000000000e+00
6.960809320904169650e-04 9.000000000000000000e+00 2.461472436891280757e-01 6.000000000000000000e+00
4.660156249999776457e-03 1.400000000000000000e+01 6.678320312499985700e-02 6.000000000000000000e+00
2.308775514746300161e-03 6.000000000000000000e+00 8.487446337048681899e-02 1.000000000000000000e+00
1.452639802297524541e-01 9.000000000000000000e+00 2.499010659506322451e-01 6.000000000000000000e+00
1.744862366318560842e-01 1.400000000000000000e+01 2.296565243140999760e-02 8.000000000000000000e+00
1.322778484192967119e-04 9.000000000000000000e+00 2.325013487057141504e-01 6.000000000000000000e+00
3.559850326092283204e-04 8.000000000000000000e+00 2.386359562892444719e-01 6.000000000000000000e+00
1.108177150034338372e-03 1.000000000000000000e+01 1.913645271922078395e-01 5.000000000000000000e+00
7.090650632104013654e-04 9.000000000000000000e+00 2.347077971729225332e-01 6.000000000000000000e+00
8.051700133984426161e-03 1.400000000000000000e+01 2.324899113621174684e-01 7.000000000000000000e+00
6.252435533324826600e-02 1.400000000000000000e+01 2.113365230141396045e-01 9.000000000000000000e+00
1.099599264468302529e-01 1.400000000000000000e+01 7.157503788219557461e-02 5.000000000000000000e+00
3.397015557240515640e-03 9.000000000000000000e+00 2.497514616213281080e-01 5.000000000000000000e+00
1.207566608337866387e-04 1.000000000000000000e+01 1.545859079402664149e-01 6.000000000000000000e+00
4.455489306981795863e-04 9.000000000000000000e+00 2.205174322836451761e-01 5.000000000000000000e+00
7.417964331032696895e-04 9.000000000000000000e+00 2.484620285880518309e-01 6.000000000000000000e+00
1.691896531271935844e-01 1.400000000000000000e+01 1.163267941972651875e-01 7.000000000000000000e+00
9.911015094549342763e-06 8.000000000000000000e+00 2.496201722001802070e-01 6.000000000000000000e+00
