3.407151327522233708e-01
3.407154197696640741e-01
3.301827330425221585e-01
3.328515583468665273e-01
3.294334843728931039e-01
3.034369499179480067e-01
3.165839524323411092e-01
4.037172888051958342e-02
3.468757844768984855e-01
3.335954353760250402e-01
5.938511411927866433e-03
1.898500927172732389e-01
3.511329955317374352e-01
3.062933989841294391e-01
3.109406349763973454e-01
3.338912265746910579e-01
3.503537715057877255e-01
3.457072291881145287e-01
1.090543893752711074e-01
2.563177428301786076e-01
3.365705625926253552e-01
3.392000792970223944e-01
3.411168970783630128e-01
3.395795475516486528e-01
3.415488036136889449e-01
3.488478989971955935e-01
2.648421890794261935e-01
3.460921188868770204e-01
3.358191337835793600e-01
3.286689217847281186e-01
3.453674969179378329e-01
3.386026017938596477e-01
3.484105234192479417e-01
3.476353330470673408e-01
2.644549104793273986e-01
3.271624294903337504e-01
3.484125575076044701e-01
3.388781626370696021e-01
3.362645941511711034e-01
3.268528464334625738e-01
3.142672291511404148e-01
3.441975366687538562e-01
2.506891084129717409e-02
3.332685081982523223e-01
3.384307898630935507e-01
3.979896822612671858e-02
3.446687072553213937e-01
3.396004255392854332e-01
3.464756641627133593e-01
3.526954620172211285e-01
2.612654572168240374e-01
3.562294221538117034e-01
3.554418837878548509e-01
3.526969399016384177e-01
3.519505273708804505e-01
3.530870517980936318e-01
3.469106113376450029e-01
1.499250986212530834e-01
3.379505687974169725e-01
6.257665933666150399e-03
2.933263360962809485e-01
3.027499873192089352e-01
2.822458148307800951e-01
3.124124866849661286e-01
3.193790602585661609e-01
2.704337958760141269e-01
3.167534026030219274e-01
3.570181774221725668e-01
2.905851886901040237e-01
3.282767082141817006e-01
3.574131766505042052e-01
2.961762064152470009e-01
3.114829774853833388e-01
2.918828654195304573e-01
3.582037620696438829e-01
3.222814459454555469e-01
2.827022990648779266e-01
3.213551542226256719e-01
4.177758472757776148e-02
3.176522627316010761e-01
3.578082536071102160e-01
3.109225870494584654e-01
3.209164667520569281e-01
1.482485473127412579e-01
2.818076016054760213e-01
3.238196187078929977e-01
2.896410438994007630e-01
3.238251860629179912e-01
3.373119283180913142e-01
3.322343359666239948e-01
3.578082536071102160e-01
3.159938746054300474e-01
3.228445702920761384e-01
3.457139528669161965e-01
3.169882376383890699e-01
3.180446817160180739e-01
3.305481134005629484e-01
3.149997804424522485e-01
3.582037620696438829e-01
3.002742688027254525e-01
3.578082536071102160e-01
3.201374886563900235e-01
3.199909589037686075e-01
3.085423124952842433e-01
3.057505588853588474e-01
3.578082536071102160e-01
3.203138575083867012e-01
3.109534587667305838e-01
3.582037620696438829e-01
3.515449797848865243e-01
3.484103532745310705e-01
3.331818586017872841e-01
2.822019464646958187e-01
3.033270757234596826e-01
3.570185738565015976e-01
3.308188955494414385e-01
3.346897055417448197e-01
3.380959874074608296e-01
3.562330844603370794e-01
3.143400007492747616e-01
3.157446879064135237e-01
3.158418409730425203e-01
3.307367281689695404e-01
3.224438728131360232e-01
2.951329437024590718e-01
3.204405858036599164e-01
3.582037620696438829e-01
3.280686147993459589e-01
3.188592420899906688e-01
3.453377355827993433e-01
3.468638950061800341e-01
3.274588082603009376e-01
2.952830187375735660e-01
3.242687965492803692e-01
3.554439557431148811e-01
3.190566555239401914e-01
3.289963934205222817e-01
3.472484513239458837e-01
3.570185738565015976e-01
2.966491928000067335e-01
3.288751316201616870e-01
3.582037620696438829e-01
3.578082480948464594e-01
3.334690111033200566e-01
3.270043101514193973e-01
3.246393321488025285e-01
3.160734043558042772e-01
1.284542988214046888e-01
3.496895903108134251e-01
3.146116076159260477e-01
3.495770113116114519e-01
1.230304322969176106e-01
3.570183624450208870e-01
3.294542973809065911e-01
3.381234425353855100e-01
2.975918514604251608e-01
3.578082516242580557e-01
3.265640813953334942e-01
2.815529179507492152e-01
3.113742161923186980e-01
3.151055945978516459e-01
1.134930650039963074e-01
2.513173505730035284e-01
3.292222018754666357e-01
7.037423589271384061e-02
3.534786372999964010e-01
3.091348488313643839e-01
3.053950776196907579e-01
3.578082536071102160e-01
3.344637472651216248e-01
2.490591830645822458e-01
3.570182914334401603e-01
3.046240229002409872e-01
3.480238004365852622e-01
3.578082480948464594e-01
3.554431909734074857e-01
3.134154562960203561e-01
3.364835839274305518e-01
3.582037620696438829e-01
3.410960177323849596e-01
3.468654968986699672e-01
3.308078631958747406e-01
3.380686817391362897e-01
3.562296149089881903e-01
3.172100260523955662e-01
2.488053117800208824e-01
2.713495160412329743e-01
3.460888636526991968e-01
3.342777358314769631e-01
3.254160404106562487e-01
3.387316284795728882e-01
3.366682008661676107e-01
3.145444531069604976e-01
3.232322821400732682e-01
3.354335043760955370e-01
3.097012517775750151e-01
2.878533925914031899e-01
2.929795877678621485e-01
3.000508075013404441e-01
3.515242591010592221e-01
3.246227994416758800e-01
3.566236280097254685e-01
3.376273012248156569e-01
3.076879578169310347e-01
3.582037620696438829e-01
2.816450013005764585e-01
1.845354312187290902e-01
8.646787446863248017e-02
3.511331287916965582e-01
3.261707586860545516e-01
1.706632249346065056e-01
3.468644470849387429e-01
3.262351881609757975e-01
3.380024454449145344e-01
4.103218050012421431e-02
2.503912195084112002e-01
3.562294096705183044e-01
2.778048636909494912e-02
3.136231576925326836e-01
3.034321294407438807e-01
3.209811911243511950e-01
3.151184818821216038e-01
3.027385311018978564e-01
2.305434398739542312e-01
3.407361027464870240e-01
3.183135235436068688e-01
1.697088373904196701e-01
3.364107182265999585e-01
3.324001101152876947e-01
3.582037620696438829e-01
1.894432255368266871e-02
2.711247237718095171e-01
2.938879225067302370e-01
3.562302126692113435e-01
1.999969193224246100e-01
3.164902088777675204e-01
3.094368490587910414e-01
3.167591988208705578e-01
2.150759245480343973e-01
3.574130610926292695e-01
3.582037620696438829e-01
3.578083315364664618e-01
3.173200020146612621e-01
3.139415973854913222e-01
3.102636622304522085e-01
2.534749933841591238e-02
3.251234891243711678e-01
2.841946216219971566e-01
3.061149775829811182e-01
2.810727666386355628e-01
3.246358574706312283e-01
3.040091296714935165e-01
5.278034081398400024e-02
3.261327557047799530e-01
2.721592966486321430e-01
3.570183021881306873e-01
2.953288765203932464e-01
3.180887986639442944e-01
3.105084367859416439e-01
3.558358647953310250e-01
3.530868881369870760e-01
1.738651513595991238e-01
3.165620120531238979e-01
3.171551337601750675e-01
3.449746497483274776e-01
3.403712006977325233e-01
3.336755240138883916e-01
2.890326743098254325e-01
3.340788675941880337e-01
3.255235394661304404e-01
3.196333069259874038e-01
3.550486430770341539e-01
1.558664432634335739e-01
3.190384733246704463e-01
3.582037620696438829e-01
3.578082686975915250e-01
2.722866011051827684e-01
3.000786686410348847e-01
3.582037620696438829e-01
1.952162831297715728e-01
2.671728021605767056e-01
2.858449139366937009e-01
1.957318980408113696e-01
2.592494778925892862e-01
3.228058792039383840e-01
5.748208207253465568e-02
3.238371795880936044e-01
3.343545211741925094e-01
3.250248145449048942e-01
1.418864322682770462e-01
2.878637960454519806e-01
3.393463725293577871e-01
3.142627084380349989e-01
3.476371427527404911e-01
3.116334428418518487e-01
4.339120515774309156e-02
3.558355075732264616e-01
3.530877785646348577e-01
3.339378835656782174e-01
3.299272024777273882e-01
