3.812398052008965539e-03
5.132682294328774417e-03
2.078455871588923698e-01
8.308008856978386925e-02
4.582335688427132021e-03
1.083798320735201576e-01
3.922508293473512264e-01
2.681156772596612337e-01
1.224916483403402367e-01
7.242860849417856461e-02
1.382748568559981905e-01
1.051009797810831953e-02
9.394839536078595241e-04
1.884739423427847227e-01
2.247124264922988144e-03
5.798325452149442200e-02
1.992936358310327671e-01
8.133654222916535115e-02
6.450207359322900069e-02
2.635607415935464215e-01
5.021390283222247897e-01
1.831097364142850181e-01
2.876451135401210998e-03
2.612052419184205942e-01
4.777136885550467005e-01
4.640250602570263894e-01
5.349302764187688353e-02
1.083837715624257243e-02
2.705217267365226941e-01
4.568628904350934827e-01
5.013093978249372716e-03
4.752111263621981996e-01
2.515486421995674071e-01
1.810341903049189974e-02
5.897740115186406867e-02
1.643412545793547785e-01
8.352892043502792296e-02
4.150351911153701279e-01
2.643122086431372586e-01
4.288389083961304665e-02
1.163177429783176925e-01
3.912345590600238010e-01
5.059957010749356332e-01
1.098151703311695815e-01
4.939943899154187745e-01
1.642048475318636652e-02
1.827971103134354847e-01
4.291344186462763832e-01
2.800725610232428567e-02
5.156077767821109006e-03
2.028633789033684742e-01
2.013753276036245321e-01
2.208133175546652671e-01
4.798981528251532458e-01
2.233831906906128539e-01
5.290913590072716249e-02
3.949224942687171724e-01
3.188750992670857376e-01
4.283197290112938371e-01
1.410511496457620383e-02
1.788984352852038273e-01
1.734741680961748023e-01
5.014662299831016377e-03
3.638775772298585842e-01
4.208081628979494226e-01
2.100360287743670007e-01
1.226679541453157551e-01
1.611002635940881333e-01
1.307161596849198970e-01
2.243584652083690789e-01
2.485390420301928360e-01
1.952611289484740553e-01
7.071391674718488507e-02
5.089036824757787736e-01
1.785525459752896338e-01
2.248888529543548453e-01
3.317428276605208226e-02
9.518032961702664607e-03
2.198978144350051400e-01
1.925060783388475583e-02
7.715615491935159942e-02
1.485429185554573706e-01
2.158260517496042585e-01
2.068859785155708897e-01
2.521553841367799587e-01
4.761941088917281961e-01
5.356175589193360245e-03
2.839625764858009008e-02
1.432114949084178079e-01
3.520203297324110414e-01
2.305002316141546159e-01
2.354499587111475445e-01
8.637735425093300001e-02
8.304486385870804566e-02
1.397665509685207808e-01
1.677547979926442279e-01
2.003393459000325505e-01
3.426625445205175313e-02
2.168311208399795274e-03
1.803044413605627283e-01
2.932159981040339744e-02
1.172659886158426285e-01
1.600712749897462844e-02
7.417524140875747518e-02
5.925800909956756291e-02
2.449520661831096173e-03
1.719837105167332514e-01
2.079440243605432670e-01
1.796530497454146835e-01
1.985590792676781569e-01
2.169110151612613502e-01
5.757197336835497350e-03
1.155364211272280339e-01
5.102119679909009747e-03
1.655962425259176474e-01
1.407204248308411773e-02
3.994230362867344335e-03
9.747759273513463552e-03
1.886070227627876517e-01
1.361545050464710999e-03
4.056975655778165962e-02
4.127620964689053713e-03
1.405316651613865847e-02
1.333262112521537979e-01
3.411909374101438491e-02
3.152864295770022030e-02
2.082667248477568234e-01
1.823742964950973156e-01
5.285937173186826959e-03
1.318058048674064855e-02
1.930315254834095717e-01
2.045596430690981016e-01
2.933142300172448223e-03
1.771279125010568889e-01
2.580409400063358397e-03
9.173138185862332594e-02
1.237977538923914628e-01
5.131967024040175532e-03
1.626680410923701248e-01
4.709218989753137345e-03
7.085679705517631405e-03
2.004111315588991693e-01
1.926315156083353575e-01
4.166177253146687021e-02
8.708640746763034179e-02
7.808555528907439557e-03
1.912039733479026227e-02
6.206875003809634445e-02
5.849836601152647031e-02
9.349598067468292001e-03
1.198715382904086274e-01
7.691213484221258445e-02
1.507901697652869362e-02
1.804290218839311732e-01
3.139902658808663843e-02
1.502105648765191329e-02
5.313769878484487369e-02
2.910910589986157732e-02
7.398871251512388614e-02
9.481934451438128741e-02
1.429767472555897867e-01
2.019566578124867284e-01
1.457725534802075118e-01
2.446476047872222365e-02
2.679985911475236612e-02
1.353123973349042337e-02
1.777369931126988600e-01
3.008566361676952641e-02
2.379601201452135051e-01
3.285441402825159396e-02
1.322143576061342307e-02
7.940673773848672123e-02
2.077385676517631008e-01
2.524285839182177638e-01
2.399449599993554727e-01
4.564734926706420781e-02
7.969156645733839472e-02
1.478441653951139134e-01
2.152428070867339616e-01
3.286671548076608440e-02
2.510470981096008317e-02
1.882917360899452885e-01
2.273311351763809829e-01
2.440033405625527951e-01
6.650678613114774373e-02
3.476075435167651217e-02
6.521950939409876247e-02
3.388851358414444737e-01
1.697890487260985126e-01
1.386696926953265019e-01
2.353933953525342293e-01
5.648711392625459238e-02
1.761164920227322739e-01
1.866745270703128179e-02
1.218441751514500737e-01
5.659757174233295829e-03
1.519107726644504941e-01
1.093984718329086697e-01
6.113178885219580638e-02
6.105706376625737349e-03
6.120854282040428390e-02
1.739801951620438547e-01
2.216466690927643493e-02
4.393109014859455930e-02
2.143565550090935704e-02
7.976992759367959596e-03
1.888570196113086297e-01
2.317000630261986938e-01
2.362351096397910799e-01
2.262511308930084952e-01
5.983561943064025224e-02
1.033044000856658123e-01
4.760345802726626517e-03
7.042212920375148788e-02
1.250950754157417466e-01
1.860742439946728721e-01
3.702749859227010693e-02
2.357201287211399265e-01
1.501038758346502078e-01
1.408632662187819795e-01
2.180957639882085131e-01
1.025546458586732851e-01
1.722596493715853883e-01
2.401905498667384620e-01
1.014369994409494366e-02
1.956060974728043300e-01
1.102278060480890581e-01
1.100164954400806479e-02
5.393252523931342177e-03
1.368410422953361336e-02
3.357201169370727101e-02
2.400614140815904643e-02
4.916660215388583485e-03
4.198954446262146561e-02
3.741793156851726948e-02
1.780734462098332001e-03
2.212455504865361647e-02
6.161548867915297122e-03
1.099622752693153876e-01
7.002130290499280520e-03
7.629149202831235314e-03
7.849964341266690848e-02
1.526824995241537475e-01
2.331288076386506258e-01
5.103619661059128898e-01
1.193681786246273031e-02
5.179622411620541517e-03
7.055299000849246660e-02
1.453604189778161249e-01
4.901911420790935892e-01
2.035780039074372161e-01
1.989480741189946725e-03
6.132622478188869825e-02
2.394445403663194305e-01
2.502050327721659362e-01
6.228025640329078183e-02
2.196135004506770405e-01
2.053947359559092981e-02
2.192846400240503757e-01
1.407044480722517421e-01
2.034249717013639214e-01
4.060594400359601730e-02
5.939814346994145428e-02
2.227127183912186170e-01
2.181267681068918274e-01
2.420136259529839240e-01
6.441513325594518113e-02
5.783536846301545742e-02
2.457537176097812637e-01
8.378799482055464265e-02
2.071951177608626349e-01
1.230038680774671843e-02
3.906481975926735517e-01
2.250115529146748741e-02
2.470268550798807861e-01
5.944892142391677847e-02
1.487602723253344250e-01
3.272293973127966132e-02
1.203679140539154653e-02
2.751249007688886736e-02
5.779151827318903221e-03
1.262933585720087404e-01
1.305100644657764680e-02
5.534153596776533734e-02
5.035839035589861901e-01
2.396025867696333911e-01
1.643774339853663891e-02
9.806319880361052260e-03
8.412493734751419483e-03
3.733802913618941566e-02
2.662644936880130542e-02
2.091756541362119470e-01
2.408011419282246879e-01
1.783986309086859068e-01
1.110635123430531723e-01
1.253769664486898208e-02
9.940217069329645647e-03
2.643017518137131400e-02
2.237966390788488913e-01
7.799297897764873033e-02
