1.000000000000000021e-02 1.000000000000000000e+01 2.000000000000000042e-02 1.000000000000000000e+01
1.000000000000000021e-02 9.000000000000000000e+00 2.000000000000000042e-02 1.000000000000000000e+01
1.000000000000000021e-02 5.000000000000000000e+00 5.000000000000000278e-02 8.000000000000000000e+00
1.000000000000000021e-02 6.000000000000000000e+00 5.999999999999999778e-02 7.000000000000000000e+00
1.000000000000000021e-02 1.000000000000000000e+01 2.000000000000000042e-02 1.000000000000000000e+01
1.000000000000000021e-02 5.000000000000000000e+00 5.000000000000000278e-02 1.000000000000000000e+01
1.000000000000000021e-02 8.000000000000000000e+00 2.999999999999999889e-02 1.000000000000000000e+01
1.000000000000000021e-02 6.000000000000000000e+00 8.999999999999999667e-02 5.000000000000000000e+00
1.000000000000000021e-02 8.000000000000000000e+00 2.999999999999999889e-02 7.000000000000000000e+00
1.000000000000000021e-02 9.000000000000000000e+00 2.000000000000000042e-02 9.000000000000000000e+00
1.000000000000000021e-02 7.000000000000000000e+00 7.000000000000000666e-02 3.000000000000000000e+00
1.000000000000000021e-02 7.000000000000000000e+00 5.999999999999999778e-02 3.000000000000000000e+00
1.000000000000000056e-01 4.000000000000000000e+00 4.000000000000000083e-02 1.000000000000000000e+01
1.000000000000000021e-02 5.000000000000000000e+00 5.000000000000000278e-02 7.000000000000000000e+00
1.000000000000000021e-02 6.000000000000000000e+00 5.000000000000000278e-02 1.000000000000000000e+01
1.000000000000000021e-02 1.000000000000000000e+01 2.000000000000000042e-02 9.000000000000000000e+00
1.000000000000000056e-01 6.000000000000000000e+00 2.000000000000000042e-02 9.000000000000000000e+00
1.000000000000000021e-02 9.000000000000000000e+00 2.000000000000000042e-02 7.000000000000000000e+00
1.000000000000000021e-02 5.000000000000000000e+00 1.000000000000000056e-01 4.000000000000000000e+00
1.000000000000000021e-02 6.000000000000000000e+00 5.999999999999999778e-02 7.000000000000000000e+00
5.000000000000000278e-02 4.000000000000000000e+00 5.999999999999999778e-02 7.000000000000000000e+00
5.000000000000000278e-02 4.000000000000000000e+00 5.999999999999999778e-02 6.000000000000000000e+00
1.000000000000000056e-01 3.000000000000000000e+00 4.000000000000000083e-02 9.000000000000000000e+00
1.000000000000000021e-02 1.000000000000000000e+01 2.000000000000000042e-02 8.000000000000000000e+00
5.000000000000000278e-02 3.000000000000000000e+00 5.999999999999999778e-02 9.000000000000000000e+00
5.000000000000000278e-02 5.000000000000000000e+00 2.999999999999999889e-02 7.000000000000000000e+00
1.000000000000000021e-02 6.000000000000000000e+00 7.000000000000000666e-02 5.000000000000000000e+00
1.000000000000000021e-02 8.000000000000000000e+00 2.999999999999999889e-02 7.000000000000000000e+00
5.000000000000000278e-02 3.000000000000000000e+00 5.999999999999999778e-02 1.000000000000000000e+01
5.000000000000000278e-02 4.000000000000000000e+00 5.999999999999999778e-02 8.000000000000000000e+00
5.000000000000000278e-02 6.000000000000000000e+00 2.999999999999999889e-02 8.000000000000000000e+00
1.000000000000000021e-02 6.000000000000000000e+00 7.000000000000000666e-02 2.000000000000000000e+00
5.000000000000000278e-02 8.000000000000000000e+00 2.000000000000000042e-02 9.000000000000000000e+00
1.000000000000000021e-02 1.000000000000000000e+01 2.000000000000000042e-02 9.000000000000000000e+00
1.000000000000000021e-02 7.000000000000000000e+00 4.000000000000000083e-02 8.000000000000000000e+00
5.000000000000000278e-02 3.000000000000000000e+00 5.999999999999999778e-02 9.000000000000000000e+00
5.000000000000000278e-02 6.000000000000000000e+00 2.999999999999999889e-02 8.000000000000000000e+00
1.000000000000000021e-02 6.000000000000000000e+00 5.000000000000000278e-02 5.000000000000000000e+00
5.000000000000000278e-02 3.000000000000000000e+00 5.999999999999999778e-02 7.000000000000000000e+00
1.000000000000000021e-02 6.000000000000000000e+00 5.000000000000000278e-02 5.000000000000000000e+00
1.000000000000000021e-02 6.000000000000000000e+00 8.000000000000000167e-02 2.000000000000000000e+00
5.000000000000000278e-02 7.000000000000000000e+00 2.000000000000000042e-02 4.000000000000000000e+00
1.000000000000000021e-02 7.000000000000000000e+00 8.000000000000000167e-02 3.000000000000000000e+00
1.000000000000000021e-02 6.000000000000000000e+00 5.000000000000000278e-02 4.000000000000000000e+00
5.000000000000000278e-02 4.000000000000000000e+00 5.999999999999999778e-02 8.000000000000000000e+00
1.000000000000000021e-02 8.000000000000000000e+00 8.999999999999999667e-02 1.000000000000000000e+00
1.000000000000000021e-02 9.000000000000000000e+00 2.999999999999999889e-02 2.000000000000000000e+00
5.000000000000000278e-02 4.000000000000000000e+00 7.000000000000000666e-02 7.000000000000000000e+00
1.000000000000000021e-02 1.000000000000000000e+01 2.000000000000000042e-02 7.000000000000000000e+00
1.000000000000000056e-01 5.000000000000000000e+00 2.000000000000000042e-02 9.000000000000000000e+00
1.000000000000000021e-02 6.000000000000000000e+00 7.000000000000000666e-02 1.000000000000000000e+00
1.000000000000000056e-01 4.000000000000000000e+00 5.000000000000000278e-02 2.000000000000000000e+00
5.000000000000000278e-02 7.000000000000000000e+00 2.000000000000000042e-02 5.000000000000000000e+00
1.000000000000000056e-01 9.000000000000000000e+00 1.000000000000000021e-02 6.000000000000000000e+00
1.000000000000000021e-02 5.000000000000000000e+00 8.000000000000000167e-02 1.000000000000000000e+00
1.000000000000000056e-01 4.000000000000000000e+00 5.000000000000000278e-02 6.000000000000000000e+00
5.000000000000000278e-02 4.000000000000000000e+00 7.000000000000000666e-02 4.000000000000000000e+00
1.000000000000000021e-02 8.000000000000000000e+00 5.999999999999999778e-02 2.000000000000000000e+00
5.000000000000000278e-02 4.000000000000000000e+00 7.000000000000000666e-02 5.000000000000000000e+00
1.000000000000000021e-02 8.000000000000000000e+00 7.000000000000000666e-02 9.000000000000000000e+00
2.248814273226563965e-01 1.400000000000000000e+01 8.644543585792081875e-02 2.000000000000000000e+00
2.307028748425632991e-01 1.400000000000000000e+01 1.060796083551137636e-01 1.000000000000000000e+00
3.932418753802237044e-01 1.400000000000000000e+01 1.048643512719480420e-01 1.000000000000000000e+00
2.789265219984861099e-01 1.400000000000000000e+01 1.640634000626363664e-01 1.000000000000000000e+00
2.697796589078975127e-01 1.400000000000000000e+01 1.785118079185498974e-01 1.000000000000000000e+00
1.640746675934929844e-01 1.400000000000000000e+01 7.499205155516575072e-02 1.000000000000000000e+00
1.290612741726820667e-01 1.400000000000000000e+01 2.237813765447373149e-01 1.000000000000000000e+00
2.479722528870768328e-01 1.000000000000000000e+00 1.302153010524794152e-01 1.000000000000000000e+00
3.427649985366100771e-01 1.400000000000000000e+01 8.465741468054056862e-02 1.000000000000000000e+00
3.082336796575988469e-01 1.400000000000000000e+01 2.354890173697039013e-01 1.000000000000000000e+00
3.599929553656293635e-01 1.000000000000000000e+00 1.034828607280283697e-01 1.000000000000000000e+00
3.466582031250002305e-01 1.400000000000000000e+01 9.520998833953069063e-02 1.000000000000000000e+00
3.549737592663548269e-01 1.400000000000000000e+01 1.562668541938430078e-01 1.000000000000000000e+00
3.610653054266722561e-01 1.400000000000000000e+01 8.396978062890869676e-02 1.000000000000000000e+00
2.580864048459907134e-01 1.000000000000000000e+00 7.791863095325898825e-02 1.000000000000000000e+00
2.963149863643571580e-01 1.400000000000000000e+01 2.026216570140747242e-01 1.000000000000000000e+00
2.234748697289426489e-01 1.400000000000000000e+01 7.947084852824000401e-02 1.000000000000000000e+00
2.060954409225472239e-01 1.400000000000000000e+01 1.857402343750001183e-01 1.000000000000000000e+00
3.058131886446439629e-01 1.400000000000000000e+01 2.090721347733870417e-02 1.000000000000000000e+00
3.513962551170487503e-01 1.400000000000000000e+01 1.661829827646630342e-01 1.000000000000000000e+00
4.115290140755301640e-01 1.000000000000000000e+00 2.272519584515657332e-02 1.000000000000000000e+00
1.623765057400580747e-01 1.400000000000000000e+01 9.574515315099257906e-02 8.000000000000000000e+00
2.676326988727257827e-01 1.400000000000000000e+01 1.090579111290654185e-01 9.000000000000000000e+00
2.265123449686158308e-01 1.400000000000000000e+01 3.585937499999986011e-02 1.000000000000000000e+00
3.171063185275276898e-03 1.400000000000000000e+01 2.376121054296990442e-01 9.000000000000000000e+00
2.753371840837294249e-01 1.400000000000000000e+01 1.191653763182757148e-01 9.000000000000000000e+00
2.682620640425084080e-01 1.400000000000000000e+01 9.916581372575342113e-02 1.000000000000000000e+00
2.498411223764381017e-01 1.400000000000000000e+01 1.931369423369677929e-01 1.000000000000000000e+00
1.473979332359272032e-01 1.400000000000000000e+01 2.389699402210528623e-01 9.000000000000000000e+00
3.431623120035690033e-01 1.400000000000000000e+01 1.592206311263829610e-01 9.000000000000000000e+00
4.899527918394215309e-01 1.000000000000000000e+00 1.386027608332975614e-01 1.000000000000000000e+00
2.836370009036039419e-01 1.400000000000000000e+01 1.490584147881810761e-01 1.000000000000000000e+00
2.044470657228913413e-01 1.400000000000000000e+01 1.281034288470785931e-01 9.000000000000000000e+00
2.025573648297379348e-01 1.000000000000000000e+00 1.549323479476686638e-01 1.000000000000000000e+00
2.917561548318611808e-01 1.400000000000000000e+01 1.874733998492602860e-01 1.000000000000000000e+00
1.544885115254815700e-01 1.400000000000000000e+01 1.740031183979193763e-01 1.000000000000000000e+00
3.639255343818477706e-01 1.400000000000000000e+01 1.616127180760278392e-01 9.000000000000000000e+00
2.267101319660220493e-01 1.400000000000000000e+01 1.640334200895904038e-01 1.000000000000000000e+00
3.237658605342073059e-01 1.000000000000000000e+00 1.370539883508807288e-01 1.000000000000000000e+00
1.294160156249997140e-01 1.400000000000000000e+01 7.619848999555708935e-02 9.000000000000000000e+00
2.037839888233543562e-01 1.000000000000000000e+00 1.562194139173967919e-02 1.000000000000000000e+00
2.925493033517184704e-01 1.400000000000000000e+01 1.651767518420652892e-01 1.000000000000000000e+00
2.906366593345385829e-01 1.400000000000000000e+01 1.146004800091656173e-01 9.000000000000000000e+00
2.361179966635194583e-01 1.400000000000000000e+01 1.214827338019474207e-01 1.000000000000000000e+00
3.979495697942365962e-02 1.400000000000000000e+01 2.435203016655030916e-01 1.000000000000000000e+00
8.869961354319066960e-02 1.000000000000000000e+00 4.113131865787245101e-02 1.000000000000000000e+00
2.663849055736251525e-01 1.400000000000000000e+01 1.174604877421794313e-01 8.000000000000000000e+00
2.827860489642806119e-01 1.400000000000000000e+01 1.534257812500000873e-01 1.000000000000000000e+00
3.058958313176536326e-01 1.000000000000000000e+00 3.686684998975314764e-02 1.000000000000000000e+00
3.318132547947275079e-01 1.000000000000000000e+00 1.372285156250000748e-01 1.000000000000000000e+00
4.475605468750002425e-01 1.000000000000000000e+00 9.823739849164231375e-02 9.000000000000000000e+00
1.409736075269328037e-01 1.400000000000000000e+01 2.109118591608782622e-01 9.000000000000000000e+00
1.147919086541386857e-01 1.400000000000000000e+01 1.160525808441565665e-01 1.000000000000000000e+00
1.317123196427283649e-01 1.400000000000000000e+01 1.566435546875001028e-01 1.000000000000000000e+00
2.609567419781582687e-01 1.000000000000000000e+00 7.427922698539274338e-02 1.000000000000000000e+00
4.062298236014637576e-01 1.400000000000000000e+01 1.475375924055302157e-01 9.000000000000000000e+00
3.627147865919757019e-01 1.400000000000000000e+01 1.722705078125001121e-01 9.000000000000000000e+00
1.386178589018596807e-01 1.400000000000000000e+01 2.403087233196843919e-01 9.000000000000000000e+00
4.436287475128126295e-02 1.000000000000000000e+00 2.034699482499717771e-01 1.000000000000000000e+00
1.320934624073522023e-01 1.400000000000000000e+01 1.068864976268861927e-01 9.000000000000000000e+00
2.443548770133893433e-01 1.400000000000000000e+01 1.531806640624999161e-01 1.000000000000000000e+00
2.544383194513069602e-01 1.000000000000000000e+00 1.504500426293990945e-01 9.000000000000000000e+00
3.834246108080052173e-01 1.400000000000000000e+01 1.537663758561027272e-01 9.000000000000000000e+00
2.139810872006904230e-01 1.400000000000000000e+01 1.178984374999998974e-01 9.000000000000000000e+00
2.204692488019356356e-01 1.000000000000000000e+00 1.797272350463605395e-01 9.000000000000000000e+00
2.203254399835147259e-01 1.400000000000000000e+01 1.628568788452946503e-01 1.000000000000000000e+00
1.940618560418212180e-01 1.000000000000000000e+00 1.688668930788918103e-03 1.000000000000000000e+00
6.423239293132600169e-02 1.400000000000000000e+01 1.967669750328147893e-01 9.000000000000000000e+00
3.268251623843969611e-01 1.400000000000000000e+01 1.087135654116740957e-01 9.000000000000000000e+00
2.771288202693463765e-01 1.000000000000000000e+00 1.050516160262615351e-01 9.000000000000000000e+00
3.152461336695921434e-01 1.000000000000000000e+00 1.132248611954846801e-01 9.000000000000000000e+00
4.146904565677105858e-01 1.400000000000000000e+01 2.084932832386010571e-01 1.000000000000000000e+00
3.279457598275330454e-01 1.400000000000000000e+01 6.787395782204765082e-02 9.000000000000000000e+00
2.062218126458861822e-01 1.400000000000000000e+01 1.236035513384375895e-01 9.000000000000000000e+00
2.214019975771289728e-01 1.000000000000000000e+00 1.245437843762342289e-01 1.000000000000000000e+00
2.318668246055039239e-01 1.400000000000000000e+01 1.098347840722437851e-01 9.000000000000000000e+00
1.853948330886466267e-01 1.400000000000000000e+01 1.481640202559071362e-01 9.000000000000000000e+00
2.299959683342194250e-01 1.000000000000000000e+00 7.735515218212032917e-02 9.000000000000000000e+00
9.810458725218308695e-02 1.000000000000000000e+00 6.846266175507574603e-02 1.000000000000000000e+00
2.577994153655925880e-01 1.400000000000000000e+01 1.004404296874998881e-01 1.000000000000000000e+00
2.389132375359210858e-01 1.400000000000000000e+01 1.500826981318429676e-01 9.000000000000000000e+00
2.447245164770133485e-01 1.000000000000000000e+00 1.100106438035686751e-01 1.000000000000000000e+00
1.501185074032654887e-01 1.000000000000000000e+00 1.824820424207088954e-01 1.000000000000000000e+00
2.854394556071043199e-01 1.400000000000000000e+01 1.670400465736739115e-01 9.000000000000000000e+00
2.569960285436685421e-01 1.400000000000000000e+01 1.402983345098614554e-01 9.000000000000000000e+00
4.643437700687413350e-01 1.400000000000000000e+01 2.126336148518243319e-01 1.000000000000000000e+00
1.239042335035476922e-01 1.400000000000000000e+01 1.176110367777962046e-01 9.000000000000000000e+00
3.523843306470193504e-01 1.000000000000000000e+00 2.059949472111656799e-01 9.000000000000000000e+00
3.668037829777281433e-01 1.000000000000000000e+00 8.967502038171637491e-02 1.000000000000000000e+00
2.931684509065117794e-01 1.000000000000000000e+00 1.672290387211878837e-01 9.000000000000000000e+00
2.497367879920255329e-01 1.000000000000000000e+00 1.110330134770343563e-01 9.000000000000000000e+00
2.385141703291818183e-01 1.400000000000000000e+01 3.599314710051239319e-02 1.000000000000000000e+00
1.516609206790935915e-01 1.000000000000000000e+00 2.479607977158187482e-01 1.000000000000000000e+00
2.986883375493367687e-01 1.000000000000000000e+00 1.320792498066045428e-01 9.000000000000000000e+00
1.369271158992040049e-01 1.400000000000000000e+01 2.452811243932891683e-01 9.000000000000000000e+00
2.105241819620430888e-01 1.400000000000000000e+01 1.221143504756815878e-01 1.000000000000000000e+00
4.611003623339196555e-02 1.000000000000000000e+00 1.682178882187618796e-01 1.000000000000000000e+00
3.926936379103975194e-01 1.400000000000000000e+01 1.219624282229248291e-01 9.000000000000000000e+00
1.769440548470641583e-01 1.000000000000000000e+00 1.956737679270973418e-01 9.000000000000000000e+00
1.932565699899499723e-01 1.400000000000000000e+01 1.011407715032077576e-01 9.000000000000000000e+00
1.510918076642212837e-01 1.400000000000000000e+01 1.479954411535311654e-01 1.000000000000000000e+00
3.962813539163032028e-01 1.000000000000000000e+00 2.035608324048831796e-01 9.000000000000000000e+00
2.236273298175457114e-01 1.400000000000000000e+01 4.822242685115677580e-02 9.000000000000000000e+00
2.141538801287598826e-01 1.000000000000000000e+00 1.376995963595340489e-01 9.000000000000000000e+00
1.940987038348467586e-01 1.400000000000000000e+01 1.753574816274557774e-02 9.000000000000000000e+00
5.089780399712277859e-02 1.000000000000000000e+00 2.974164083424295918e-02 9.000000000000000000e+00
1.975112792454755128e-01 1.400000000000000000e+01 9.219425519686122450e-02 9.000000000000000000e+00
2.031157327857257555e-01 1.400000000000000000e+01 1.136109483859513991e-01 1.000000000000000000e+00
2.718931704746601064e-01 1.000000000000000000e+00 9.649629990483624131e-02 1.000000000000000000e+00
2.011012553655297797e-01 1.000000000000000000e+00 1.077995625915172395e-01 9.000000000000000000e+00
9.129612684428090041e-02 1.400000000000000000e+01 6.541202459126138624e-02 1.000000000000000000e+00
3.465587976187075037e-01 1.000000000000000000e+00 9.082740972133841739e-02 1.000000000000000000e+00
1.155724746629883948e-01 1.400000000000000000e+01 1.514017233694233411e-01 1.000000000000000000e+00
1.269583975051610247e-01 1.000000000000000000e+00 9.922312287562903843e-02 8.000000000000000000e+00
2.776318522748242312e-01 1.000000000000000000e+00 8.150730269639996917e-02 1.000000000000000000e+00
2.516463864532960670e-01 1.000000000000000000e+00 1.439136161533384750e-01 1.000000000000000000e+00
2.388085937500001588e-01 1.400000000000000000e+01 9.408487959921260635e-02 9.000000000000000000e+00
3.451486075755028637e-01 1.400000000000000000e+01 1.909599609375000062e-01 9.000000000000000000e+00
3.078746312966725296e-01 1.000000000000000000e+00 8.194414400542440746e-02 1.000000000000000000e+00
3.197737576798752035e-01 1.000000000000000000e+00 8.769903885117290299e-02 9.000000000000000000e+00
2.191311766924029236e-01 1.000000000000000000e+00 1.220389866704746640e-01 9.000000000000000000e+00
3.610838113962049900e-01 1.400000000000000000e+01 1.593734570974384146e-01 9.000000000000000000e+00
2.993401568904557886e-01 1.000000000000000000e+00 9.667118964546915494e-02 9.000000000000000000e+00
1.624665826797809243e-01 1.000000000000000000e+00 1.877757360910330686e-01 1.000000000000000000e+00
3.073722219506333508e-01 1.400000000000000000e+01 1.645245116803519536e-01 1.000000000000000000e+00
2.584709600967912135e-01 1.400000000000000000e+01 4.297777732614667390e-02 9.000000000000000000e+00
2.651898178248848215e-01 1.400000000000000000e+01 6.807142606920353611e-02 1.000000000000000000e+00
3.087515009912895625e-01 1.000000000000000000e+00 1.144854961889897466e-01 9.000000000000000000e+00
3.442394953733795004e-01 1.000000000000000000e+00 1.180986391881690412e-01 9.000000000000000000e+00
9.170147148092192002e-02 1.400000000000000000e+01 1.692036193505230546e-01 9.000000000000000000e+00
3.045657087242963357e-01 1.000000000000000000e+00 1.420100077323318555e-01 1.000000000000000000e+00
3.238343580963744528e-01 1.000000000000000000e+00 1.344737057220783960e-01 9.000000000000000000e+00
1.756991623834128491e-01 1.400000000000000000e+01 1.534256638071727630e-01 1.000000000000000000e+00
2.216796875000000000e-01 1.400000000000000000e+01 1.791992187500000000e-01 2.000000000000000000e+00
1.664482417912506451e-01 1.400000000000000000e+01 2.181844572577624208e-01 9.000000000000000000e+00
1.119933836588621057e-01 1.400000000000000000e+01 1.665868093527369254e-01 1.000000000000000000e+00
4.736328125000000000e-02 1.100000000000000000e+01 1.057128906250000000e-01 6.000000000000000000e+00
3.150392823253733710e-01 1.400000000000000000e+01 1.299433593749999005e-01 1.000000000000000000e+00
3.969726562500000000e-01 6.000000000000000000e+00 2.082519531250000000e-01 5.000000000000000000e+00
2.385253906250000000e-01 2.000000000000000000e+00 1.492919921875000000e-01 4.000000000000000000e+00
3.132007329829705755e-01 1.400000000000000000e+01 1.184511825649334771e-01 9.000000000000000000e+00
5.810546875000000000e-02 1.000000000000000000e+00 6.225585937500000000e-02 4.000000000000000000e+00
3.128302812793178345e-01 1.400000000000000000e+01 2.022636687217455320e-01 9.000000000000000000e+00
2.351074218750000000e-01 7.000000000000000000e+00 1.666259765625000000e-01 9.000000000000000000e+00
1.028267982276613451e-01 1.000000000000000000e+00 6.906388155543577434e-02 1.000000000000000000e+00
4.030279884026815029e-01 1.400000000000000000e+01 6.093537505460877579e-02 9.000000000000000000e+00
4.304199218750000000e-01 9.000000000000000000e+00 6.115722656250000000e-02 2.000000000000000000e+00
2.624511718750000000e-01 8.000000000000000000e+00 3.186035156250000000e-02 9.000000000000000000e+00
3.552246093750000000e-01 1.000000000000000000e+00 7.922363281250000000e-02 5.000000000000000000e+00
1.579589843750000000e-01 1.200000000000000000e+01 1.973876953125000000e-01 9.000000000000000000e+00
1.000976562500000000e-01 1.100000000000000000e+01 4.418945312500000000e-02 7.000000000000000000e+00
3.645690473688010247e-01 1.000000000000000000e+00 9.944356611790597378e-02 9.000000000000000000e+00
2.905273437500000000e-01 1.400000000000000000e+01 1.491699218750000000e-01 4.000000000000000000e+00
3.633265462161873738e-01 1.400000000000000000e+01 2.101989052457912677e-01 9.000000000000000000e+00
1.708984375000000000e-03 1.300000000000000000e+01 5.676269531250000000e-02 5.000000000000000000e+00
1.891061269775253517e-01 1.400000000000000000e+01 4.666035154835006249e-02 9.000000000000000000e+00
1.936035156250000000e-01 9.000000000000000000e+00 1.550292968750000000e-02 5.000000000000000000e+00
7.519531250000000000e-02 4.000000000000000000e+00 1.196289062500000000e-01 9.000000000000000000e+00
2.582318214894363528e-01 1.400000000000000000e+01 1.215002311046156358e-01 1.000000000000000000e+00
2.825300168996127126e-01 1.400000000000000000e+01 1.157269370981725831e-01 1.000000000000000000e+00
3.185733399760776741e-01 1.000000000000000000e+00 1.119737416448883388e-01 9.000000000000000000e+00
1.939002884139261473e-01 1.400000000000000000e+01 9.588865399385020083e-02 9.000000000000000000e+00
4.389648437500000000e-01 9.000000000000000000e+00 1.218261718750000000e-01 5.000000000000000000e+00
3.959930841939332535e-01 1.400000000000000000e+01 5.716595386647649324e-02 1.000000000000000000e+00
2.458535156250000187e-01 1.000000000000000000e+00 1.565491568142858281e-01 9.000000000000000000e+00
3.097090094891684076e-01 1.400000000000000000e+01 9.459450182176472322e-02 9.000000000000000000e+00
2.861328125000000000e-01 5.000000000000000000e+00 9.228515625000000000e-02 4.000000000000000000e+00
2.582656249999998321e-01 1.400000000000000000e+01 2.248671875000000653e-01 9.000000000000000000e+00
2.167734374999998881e-01 1.400000000000000000e+01 1.742836088650821236e-01 9.000000000000000000e+00
3.475914654952881877e-01 1.000000000000000000e+00 6.580342448253827248e-02 1.000000000000000000e+00
4.201660156250000000e-01 8.000000000000000000e+00 4.284667968750000000e-02 1.000000000000000000e+00
7.055664062500000000e-02 1.200000000000000000e+01 1.121826171875000000e-01 1.000000000000000000e+00
3.002120311963298316e-01 1.400000000000000000e+01 9.695057027893894119e-02 1.000000000000000000e+00
2.522579427592588353e-01 1.000000000000000000e+00 1.113201373276099249e-01 1.000000000000000000e+00
4.008789062500000000e-01 4.000000000000000000e+00 1.633300781250000000e-01 7.000000000000000000e+00
2.534346798225205477e-01 1.400000000000000000e+01 1.017905035370429284e-01 9.000000000000000000e+00
2.419433593750000000e-01 1.000000000000000000e+01 1.358642578125000000e-01 7.000000000000000000e+00
4.477121981729990097e-01 1.000000000000000000e+00 1.568659906025143269e-01 1.000000000000000000e+00
4.944720516578544611e-01 1.400000000000000000e+01 3.742425701560640749e-02 9.000000000000000000e+00
1.999511718750000000e-01 6.000000000000000000e+00 6.103515625000000000e-04 3.000000000000000000e+00
1.184959849158366413e-01 1.000000000000000000e+00 5.697753906249986011e-02 1.000000000000000000e+00
4.272460937500000000e-02 2.000000000000000000e+00 4.797363281250000000e-02 1.000000000000000000e+00
2.564569348788410807e-01 1.400000000000000000e+01 1.614958600570740588e-01 1.000000000000000000e+00
2.546056347226351990e-01 1.400000000000000000e+01 1.005089232681261602e-01 9.000000000000000000e+00
3.361159494597432684e-01 1.400000000000000000e+01 1.404940429930986445e-01 1.000000000000000000e+00
2.080745799214300806e-01 1.300000000000000000e+01 1.976550796937062704e-02 9.000000000000000000e+00
1.844902343750000062e-01 1.400000000000000000e+01 1.409079621653997749e-01 9.000000000000000000e+00
1.623535156250000000e-01 1.100000000000000000e+01 9.362792968750000000e-02 3.000000000000000000e+00
2.297650465375194184e-01 1.400000000000000000e+01 1.222116245411038471e-01 1.000000000000000000e+00
3.716131842959284892e-01 1.400000000000000000e+01 7.988717805527180416e-02 1.000000000000000000e+00
3.844362741718334586e-01 1.000000000000000000e+00 1.324543795997519258e-01 9.000000000000000000e+00
2.573523880214769188e-01 1.400000000000000000e+01 1.378478963120520762e-01 1.000000000000000000e+00
4.047851562500000000e-01 8.000000000000000000e+00 3.247070312500000000e-02 8.000000000000000000e+00
7.862451470384027030e-02 1.400000000000000000e+01 1.706925043771523876e-01 9.000000000000000000e+00
3.833007812500000000e-02 8.000000000000000000e+00 2.415771484375000000e-01 2.000000000000000000e+00
2.197265625000000000e-02 2.000000000000000000e+00 2.075195312500000000e-02 2.000000000000000000e+00
1.315917968750000000e-01 1.400000000000000000e+01 8.947753906250000000e-02 6.000000000000000000e+00
1.079390824307035757e-01 1.400000000000000000e+01 1.202024096715615942e-01 9.000000000000000000e+00
2.300813516753872079e-01 1.400000000000000000e+01 8.708323558242969664e-02 9.000000000000000000e+00
1.203613281250000000e-01 1.200000000000000000e+01 1.306152343750000000e-02 2.000000000000000000e+00
3.722089843750002736e-01 1.000000000000000000e+00 5.901269531249986322e-02 9.000000000000000000e+00
2.416992187500000000e-01 1.000000000000000000e+00 2.321777343750000000e-01 6.000000000000000000e+00
1.137336727079463622e-01 1.400000000000000000e+01 1.144891825338182900e-01 9.000000000000000000e+00
1.323242187500000000e-01 1.200000000000000000e+01 2.087402343750000000e-01 1.000000000000000000e+00
3.791503906250000000e-01 5.000000000000000000e+00 3.210449218750000000e-02 5.000000000000000000e+00
2.849042968749999627e-01 1.400000000000000000e+01 2.399103457097005454e-01 9.000000000000000000e+00
3.090189215721097504e-01 1.000000000000000000e+00 1.261692036320274657e-01 9.000000000000000000e+00
5.590820312500000000e-02 9.000000000000000000e+00 1.585693359375000000e-01 3.000000000000000000e+00
4.931640625000000000e-01 1.200000000000000000e+01 2.231445312500000000e-01 7.000000000000000000e+00
2.587890625000000000e-01 1.200000000000000000e+01 1.528320312500000000e-01 9.000000000000000000e+00
1.223144531250000000e-01 9.000000000000000000e+00 1.917724609375000000e-01 8.000000000000000000e+00
3.161621093750000000e-01 4.000000000000000000e+00 2.062988281250000000e-02 6.000000000000000000e+00
4.980468750000000000e-01 1.000000000000000000e+00 1.923828125000000000e-01 6.000000000000000000e+00
2.167968750000000000e-01 7.000000000000000000e+00 2.392578125000000000e-01 3.000000000000000000e+00
3.076171875000000000e-01 5.000000000000000000e+00 1.123046875000000000e-02 1.000000000000000000e+00
4.372558593750000000e-01 4.000000000000000000e+00 3.039550781250000000e-02 1.000000000000000000e+00
1.806640625000000000e-02 1.100000000000000000e+01 1.437988281250000000e-01 4.000000000000000000e+00
4.934082031250000000e-01 7.000000000000000000e+00 1.273193359375000000e-01 9.000000000000000000e+00
2.465820312500000000e-02 6.000000000000000000e+00 1.794433593750000000e-02 1.000000000000000000e+00
3.105468750000000000e-01 6.000000000000000000e+00 9.863281250000000000e-02 7.000000000000000000e+00
3.664550781250000000e-01 3.000000000000000000e+00 2.493896484375000000e-01 5.000000000000000000e+00
1.950683593750000000e-01 1.200000000000000000e+01 8.117675781250000000e-02 7.000000000000000000e+00
2.585449218750000000e-01 3.000000000000000000e+00 1.627197265625000000e-01 5.000000000000000000e+00
3.254394531250000000e-01 6.000000000000000000e+00 1.527099609375000000e-01 2.000000000000000000e+00
3.244628906250000000e-01 1.300000000000000000e+01 1.141357421875000000e-01 9.000000000000000000e+00
2.954101562500000000e-02 1.000000000000000000e+01 5.065917968750000000e-02 3.000000000000000000e+00
4.882812500000000000e-03 3.000000000000000000e+00 1.079101562500000000e-01 7.000000000000000000e+00
4.645996093750000000e-01 1.100000000000000000e+01 1.964111328125000000e-01 8.000000000000000000e+00
3.989257812500000000e-01 1.100000000000000000e+01 2.268066406250000000e-01 2.000000000000000000e+00
1.591796875000000000e-01 5.000000000000000000e+00 8.544921875000000000e-02 8.000000000000000000e+00
1.398925781250000000e-01 7.000000000000000000e+00 2.376708984375000000e-01 1.000000000000000000e+00
3.849872389379864757e-01 1.400000000000000000e+01 2.105976064243751944e-01 9.000000000000000000e+00
4.892578125000000000e-01 1.000000000000000000e+01 1.469726562500000000e-01 4.000000000000000000e+00
2.448730468750000000e-01 5.000000000000000000e+00 1.721191406250000000e-02 8.000000000000000000e+00
9.912109375000000000e-02 1.100000000000000000e+01 1.354980468750000000e-01 9.000000000000000000e+00
4.111328125000000000e-01 9.000000000000000000e+00 2.978515625000000000e-02 6.000000000000000000e+00
2.050781250000000000e-02 9.000000000000000000e+00 6.347656250000000000e-03 5.000000000000000000e+00
8.789062500000000000e-03 5.000000000000000000e+00 2.783203125000000000e-02 5.000000000000000000e+00
3.010253906250000000e-01 1.400000000000000000e+01 1.805419921875000000e-01 8.000000000000000000e+00
4.907226562500000000e-01 1.000000000000000000e+00 1.301269531250000000e-01 7.000000000000000000e+00
