1.000000000000000021e-02 1.000000000000000000e+01 2.999999999999999889e-02 1.000000000000000000e+01
1.000000000000000021e-02 9.000000000000000000e+00 2.999999999999999889e-02 9.000000000000000000e+00
1.000000000000000021e-02 6.000000000000000000e+00 8.999999999999999667e-02 6.000000000000000000e+00
1.000000000000000056e-01 5.000000000000000000e+00 2.999999999999999889e-02 9.000000000000000000e+00
1.000000000000000021e-02 9.000000000000000000e+00 5.999999999999999778e-02 4.000000000000000000e+00
1.000000000000000021e-02 8.000000000000000000e+00 8.000000000000000167e-02 7.000000000000000000e+00
1.000000000000000021e-02 1.000000000000000000e+01 4.000000000000000083e-02 7.000000000000000000e+00
1.000000000000000021e-02 6.000000000000000000e+00 8.999999999999999667e-02 7.000000000000000000e+00
5.000000000000000278e-02 3.000000000000000000e+00 8.000000000000000167e-02 9.000000000000000000e+00
1.000000000000000056e-01 3.000000000000000000e+00 5.999999999999999778e-02 9.000000000000000000e+00
5.000000000000000278e-02 3.000000000000000000e+00 8.000000000000000167e-02 1.000000000000000000e+01
1.000000000000000056e-01 3.000000000000000000e+00 5.999999999999999778e-02 9.000000000000000000e+00
1.000000000000000021e-02 6.000000000000000000e+00 7.000000000000000666e-02 9.000000000000000000e+00
1.000000000000000021e-02 5.000000000000000000e+00 8.999999999999999667e-02 5.000000000000000000e+00
1.000000000000000021e-02 1.000000000000000000e+01 4.000000000000000083e-02 7.000000000000000000e+00
5.000000000000000278e-02 1.000000000000000000e+01 2.000000000000000042e-02 1.000000000000000000e+01
1.000000000000000021e-02 1.000000000000000000e+01 4.000000000000000083e-02 6.000000000000000000e+00
5.000000000000000278e-02 5.000000000000000000e+00 4.000000000000000083e-02 1.000000000000000000e+01
5.000000000000000278e-02 3.000000000000000000e+00 8.999999999999999667e-02 8.000000000000000000e+00
5.000000000000000278e-02 3.000000000000000000e+00 8.999999999999999667e-02 7.000000000000000000e+00
5.000000000000000278e-02 4.000000000000000000e+00 8.999999999999999667e-02 8.000000000000000000e+00
5.000000000000000278e-02 4.000000000000000000e+00 8.999999999999999667e-02 1.000000000000000000e+01
1.000000000000000056e-01 3.000000000000000000e+00 7.000000000000000666e-02 7.000000000000000000e+00
1.000000000000000056e-01 8.000000000000000000e+00 2.000000000000000042e-02 9.000000000000000000e+00
5.000000000000000278e-02 7.000000000000000000e+00 2.999999999999999889e-02 9.000000000000000000e+00
5.000000000000000278e-02 7.000000000000000000e+00 2.999999999999999889e-02 1.000000000000000000e+01
1.000000000000000056e-01 3.000000000000000000e+00 7.000000000000000666e-02 7.000000000000000000e+00
1.000000000000000021e-02 8.000000000000000000e+00 7.000000000000000666e-02 2.000000000000000000e+00
5.000000000000000278e-02 1.000000000000000000e+01 2.000000000000000042e-02 1.000000000000000000e+01
5.000000000000000278e-02 7.000000000000000000e+00 2.999999999999999889e-02 9.000000000000000000e+00
1.000000000000000021e-02 6.000000000000000000e+00 7.000000000000000666e-02 8.000000000000000000e+00
1.000000000000000021e-02 9.000000000000000000e+00 5.000000000000000278e-02 3.000000000000000000e+00
1.000000000000000021e-02 9.000000000000000000e+00 4.000000000000000083e-02 8.000000000000000000e+00
5.000000000000000278e-02 1.000000000000000000e+01 4.000000000000000083e-02 2.000000000000000000e+00
1.000000000000000021e-02 6.000000000000000000e+00 1.000000000000000056e-01 3.000000000000000000e+00
1.000000000000000021e-02 5.000000000000000000e+00 8.999999999999999667e-02 6.000000000000000000e+00
1.000000000000000056e-01 4.000000000000000000e+00 7.000000000000000666e-02 3.000000000000000000e+00
5.000000000000000278e-02 8.000000000000000000e+00 2.999999999999999889e-02 5.000000000000000000e+00
5.000000000000000278e-02 3.000000000000000000e+00 8.000000000000000167e-02 6.000000000000000000e+00
1.000000000000000021e-02 8.000000000000000000e+00 7.000000000000000666e-02 3.000000000000000000e+00
1.000000000000000056e-01 4.000000000000000000e+00 7.000000000000000666e-02 8.000000000000000000e+00
1.000000000000000056e-01 3.000000000000000000e+00 7.000000000000000666e-02 7.000000000000000000e+00
1.000000000000000021e-02 5.000000000000000000e+00 8.000000000000000167e-02 9.000000000000000000e+00
5.000000000000000278e-02 7.000000000000000000e+00 2.999999999999999889e-02 6.000000000000000000e+00
5.000000000000000278e-02 6.000000000000000000e+00 4.000000000000000083e-02 7.000000000000000000e+00
5.000000000000000278e-02 5.000000000000000000e+00 4.000000000000000083e-02 8.000000000000000000e+00
1.000000000000000021e-02 7.000000000000000000e+00 5.999999999999999778e-02 8.000000000000000000e+00
1.000000000000000056e-01 3.000000000000000000e+00 7.000000000000000666e-02 8.000000000000000000e+00
1.000000000000000021e-02 5.000000000000000000e+00 1.000000000000000056e-01 3.000000000000000000e+00
5.000000000000000278e-02 8.000000000000000000e+00 2.999999999999999889e-02 3.000000000000000000e+00
5.000000000000000278e-02 3.000000000000000000e+00 1.000000000000000056e-01 7.000000000000000000e+00
1.000000000000000056e-01 3.000000000000000000e+00 7.000000000000000666e-02 4.000000000000000000e+00
5.000000000000000278e-02 3.000000000000000000e+00 7.000000000000000666e-02 1.000000000000000000e+01
5.000000000000000278e-02 4.000000000000000000e+00 1.000000000000000056e-01 3.000000000000000000e+00
1.000000000000000021e-02 6.000000000000000000e+00 8.000000000000000167e-02 6.000000000000000000e+00
1.000000000000000056e-01 3.000000000000000000e+00 7.000000000000000666e-02 1.000000000000000000e+01
1.000000000000000021e-02 5.000000000000000000e+00 8.000000000000000167e-02 6.000000000000000000e+00
5.000000000000000278e-02 5.000000000000000000e+00 5.000000000000000278e-02 5.000000000000000000e+00
1.000000000000000056e-01 9.000000000000000000e+00 2.000000000000000042e-02 4.000000000000000000e+00
5.000000000000000278e-02 5.000000000000000000e+00 4.000000000000000083e-02 9.000000000000000000e+00
2.787430936053738040e-01 1.400000000000000000e+01 2.152009015935270331e-01 1.000000000000000000e+00
2.111553708344176550e-01 1.400000000000000000e+01 1.816985914542770530e-01 1.000000000000000000e+00
1.722792968991253559e-01 1.400000000000000000e+01 1.045272795895053619e-01 1.000000000000000000e+00
3.307793557189204758e-01 1.400000000000000000e+01 1.441531229811607029e-01 1.000000000000000000e+00
1.794371658600409092e-01 1.000000000000000000e+00 1.712461710911199475e-01 9.000000000000000000e+00
1.438289739364883024e-01 1.000000000000000000e+00 1.048115766425432166e-01 1.000000000000000000e+00
2.351266581826102486e-01 1.400000000000000000e+01 1.499791190452538225e-01 1.000000000000000000e+00
1.678165375500494105e-01 1.400000000000000000e+01 2.085947354515224339e-01 1.000000000000000000e+00
4.317276862280248761e-01 1.000000000000000000e+00 1.159325644780896947e-01 9.000000000000000000e+00
3.604797351299073860e-01 1.000000000000000000e+00 2.072337789017505705e-01 9.000000000000000000e+00
3.134896078023442501e-01 1.000000000000000000e+00 1.943794714687800129e-01 1.000000000000000000e+00
2.193988370224080608e-01 1.400000000000000000e+01 1.401430822122393116e-01 9.000000000000000000e+00
2.501295360216936325e-01 1.400000000000000000e+01 1.471039215471821593e-01 1.000000000000000000e+00
3.891425781250002491e-01 1.000000000000000000e+00 1.634779698409293547e-01 2.000000000000000000e+00
1.229121093749997451e-01 1.000000000000000000e+00 1.252662789633189055e-01 9.000000000000000000e+00
1.767716134949365303e-01 1.000000000000000000e+00 6.591244529752524062e-02 1.000000000000000000e+00
3.007528519935125932e-01 1.000000000000000000e+00 1.440041548577227215e-01 9.000000000000000000e+00
3.545022610298992349e-01 1.000000000000000000e+00 1.233267206065607191e-01 9.000000000000000000e+00
2.952657419545369200e-01 1.400000000000000000e+01 1.184953901418259598e-01 1.000000000000000000e+00
1.802488286558931729e-01 1.000000000000000000e+00 3.357126132531577239e-02 1.000000000000000000e+00
3.298151545826971676e-01 1.400000000000000000e+01 1.765237474879020607e-01 9.000000000000000000e+00
3.281377173361418320e-01 1.400000000000000000e+01 8.847513469910303630e-02 9.000000000000000000e+00
2.688798135251925236e-01 1.400000000000000000e+01 1.341738470339014777e-01 1.000000000000000000e+00
3.547468959582110171e-01 1.000000000000000000e+00 4.248558424463508981e-02 1.000000000000000000e+00
4.078887572006152928e-01 1.400000000000000000e+01 1.237421834646119934e-01 9.000000000000000000e+00
3.395496739052331625e-01 1.000000000000000000e+00 1.594024564239444330e-01 1.000000000000000000e+00
2.769898281276892971e-01 1.000000000000000000e+00 1.408240690562585218e-01 9.000000000000000000e+00
2.352899393038680731e-01 1.000000000000000000e+00 1.342067910485283122e-01 1.000000000000000000e+00
2.359145939801305658e-01 1.400000000000000000e+01 1.475923982294208847e-01 9.000000000000000000e+00
3.631383860980599843e-01 1.000000000000000000e+00 5.797812814337290066e-02 1.000000000000000000e+00
1.969910291370961797e-01 1.400000000000000000e+01 1.584617684632177725e-01 9.000000000000000000e+00
3.322194206222742752e-01 1.000000000000000000e+00 1.110051793322637120e-01 9.000000000000000000e+00
1.834620352123280118e-01 1.000000000000000000e+00 1.422521732925815796e-01 1.000000000000000000e+00
3.884138227848606961e-01 1.000000000000000000e+00 1.848775992371980426e-01 1.000000000000000000e+00
1.880397960142397296e-01 1.400000000000000000e+01 1.510817722891579507e-01 9.000000000000000000e+00
3.658159557732050815e-01 1.000000000000000000e+00 1.278816781715194917e-01 1.000000000000000000e+00
3.145530349781340274e-01 1.000000000000000000e+00 1.754917782050505748e-01 1.000000000000000000e+00
1.785357630318010480e-01 1.000000000000000000e+00 2.105576906393487324e-02 9.000000000000000000e+00
2.437976578429101593e-01 1.000000000000000000e+00 1.513031986341574486e-01 9.000000000000000000e+00
3.984571523000716986e-02 1.400000000000000000e+01 2.385676475623684234e-01 1.000000000000000000e+00
1.616688974492652697e-01 1.000000000000000000e+00 9.515385729364431167e-02 9.000000000000000000e+00
1.813269099935135298e-01 1.000000000000000000e+00 8.990128923523388327e-02 1.000000000000000000e+00
3.198593750000001679e-01 1.400000000000000000e+01 4.624893828943497931e-02 1.000000000000000000e+00
2.982748283350160623e-01 1.000000000000000000e+00 1.519732248055437052e-01 1.000000000000000000e+00
3.122484963578546768e-01 1.400000000000000000e+01 1.645588836827935886e-01 9.000000000000000000e+00
3.390920124054591644e-01 1.000000000000000000e+00 7.037284090131568082e-02 1.000000000000000000e+00
3.764168030091741279e-01 1.000000000000000000e+00 1.344323068876572824e-01 8.000000000000000000e+00
5.458631782004011446e-02 1.000000000000000000e+00 1.242812464995316779e-01 9.000000000000000000e+00
3.369175775826923624e-01 1.000000000000000000e+00 1.923908132478079624e-01 1.000000000000000000e+00
1.476321150670653337e-01 1.400000000000000000e+01 1.230038512551653584e-01 9.000000000000000000e+00
2.552979397129887529e-01 1.400000000000000000e+01 1.063943488549028288e-01 1.000000000000000000e+00
1.634006016466674482e-01 1.400000000000000000e+01 2.045961410340303432e-01 1.000000000000000000e+00
3.302968750000002118e-01 1.000000000000000000e+00 1.127283776492446765e-01 9.000000000000000000e+00
2.543080812615183262e-01 1.000000000000000000e+00 1.101956524301256901e-01 1.000000000000000000e+00
2.361818844165850251e-01 1.000000000000000000e+00 1.548666651445952946e-01 1.000000000000000000e+00
2.282757537335234621e-01 1.000000000000000000e+00 7.947303672201903868e-02 9.000000000000000000e+00
2.720064687355197020e-01 1.400000000000000000e+01 1.459378102891452644e-01 9.000000000000000000e+00
2.088780084542874727e-01 1.000000000000000000e+00 1.218437112733082028e-01 1.000000000000000000e+00
1.446079367268357507e-01 1.000000000000000000e+00 1.636145591229526408e-01 9.000000000000000000e+00
2.760004848289028812e-01 1.000000000000000000e+00 1.460286214893222745e-01 9.000000000000000000e+00
4.294308906424849637e-01 1.400000000000000000e+01 5.440354699153417822e-02 9.000000000000000000e+00
3.542848511031655434e-01 1.000000000000000000e+00 5.665525184539643710e-02 9.000000000000000000e+00
8.360822590724362180e-02 1.400000000000000000e+01 1.517485897223821434e-01 9.000000000000000000e+00
2.845296623336195929e-01 1.000000000000000000e+00 1.643330078124999316e-01 9.000000000000000000e+00
2.817163908078955115e-01 1.400000000000000000e+01 1.357050239087208565e-01 9.000000000000000000e+00
2.776646378151215178e-01 1.000000000000000000e+00 8.850773928983050876e-02 1.000000000000000000e+00
1.315644531249998694e-01 1.000000000000000000e+00 1.023102934821136095e-01 9.000000000000000000e+00
2.455692814946356106e-01 1.000000000000000000e+00 1.463388267771306150e-01 2.000000000000000000e+00
1.372506873832751162e-01 1.000000000000000000e+00 6.139577833313788341e-02 9.000000000000000000e+00
2.425603546574607861e-01 1.400000000000000000e+01 9.429267839421121011e-02 1.000000000000000000e+00
2.370116049561805938e-01 1.000000000000000000e+00 1.607378480287607603e-01 1.000000000000000000e+00
3.033105468750000311e-01 1.000000000000000000e+00 9.706320458926197270e-02 9.000000000000000000e+00
3.184470513517402845e-01 1.000000000000000000e+00 1.183364186731951095e-01 1.000000000000000000e+00
2.147100329132297925e-01 1.000000000000000000e+00 1.160213238502383337e-01 1.000000000000000000e+00
1.843105468749999254e-01 1.400000000000000000e+01 6.291232640622426708e-02 7.000000000000000000e+00
2.391603495984822303e-01 1.000000000000000000e+00 9.704442675784970274e-02 9.000000000000000000e+00
2.041769905197931834e-01 1.000000000000000000e+00 9.338838340028964013e-02 9.000000000000000000e+00
3.898946509587754017e-01 1.000000000000000000e+00 1.210079606596535379e-01 9.000000000000000000e+00
4.044997131624109565e-01 1.400000000000000000e+01 1.065133099952711437e-01 9.000000000000000000e+00
2.703825692218729815e-01 1.000000000000000000e+00 8.605989871501805444e-02 1.000000000000000000e+00
2.522879772632896089e-01 1.000000000000000000e+00 2.143924055740130119e-01 1.000000000000000000e+00
1.367934810449763783e-01 1.400000000000000000e+01 1.153952890658855174e-01 1.000000000000000000e+00
2.337790626167082220e-01 1.400000000000000000e+01 1.034066207474828025e-01 9.000000000000000000e+00
2.744748730513745238e-01 1.400000000000000000e+01 1.069742102513274312e-01 9.000000000000000000e+00
2.677659358672068723e-01 1.000000000000000000e+00 1.302945665824997712e-01 8.000000000000000000e+00
2.548853069263805060e-01 1.400000000000000000e+01 1.572532408607024423e-01 9.000000000000000000e+00
2.601190253688854814e-01 1.400000000000000000e+01 1.249258805511796466e-01 1.000000000000000000e+00
2.039101562499998632e-01 1.000000000000000000e+00 1.577601462491790285e-01 1.000000000000000000e+00
2.418496042293946657e-01 1.000000000000000000e+00 8.345746019463073928e-02 9.000000000000000000e+00
3.574377116938971533e-01 1.000000000000000000e+00 9.479547755028973344e-02 1.000000000000000000e+00
2.125323570978896459e-01 1.000000000000000000e+00 1.131416015624999161e-01 1.000000000000000000e+00
2.967188542998123180e-01 1.000000000000000000e+00 1.270096227881844786e-01 9.000000000000000000e+00
1.650952010313029295e-01 1.400000000000000000e+01 6.293396259824943217e-02 1.000000000000000000e+00
9.860033174165408476e-02 1.000000000000000000e+00 3.432469405643247956e-02 1.000000000000000000e+00
3.379900310706226430e-01 1.400000000000000000e+01 1.594082031249999254e-01 9.000000000000000000e+00
1.297972901635180420e-01 1.000000000000000000e+00 1.000336004045519617e-01 9.000000000000000000e+00
2.487295229452775036e-01 1.400000000000000000e+01 1.780723510392062392e-01 1.000000000000000000e+00
1.387378227780007300e-01 1.400000000000000000e+01 7.324363628559568684e-02 1.000000000000000000e+00
2.472988669580382382e-01 1.000000000000000000e+00 1.647035322607682262e-01 1.000000000000000000e+00
1.422126822353085296e-01 1.400000000000000000e+01 1.565967840490087304e-01 1.000000000000000000e+00
2.224341672417014248e-01 1.400000000000000000e+01 1.009879095740753852e-01 9.000000000000000000e+00
3.470626482512997879e-01 1.000000000000000000e+00 1.920345002796971512e-01 9.000000000000000000e+00
2.471986780052463917e-01 1.400000000000000000e+01 1.710688091218464102e-01 9.000000000000000000e+00
1.866580462596589274e-01 1.000000000000000000e+00 2.002684831225236967e-02 9.000000000000000000e+00
4.610951524221971742e-01 1.400000000000000000e+01 1.416354850061585791e-01 9.000000000000000000e+00
2.289190205483469798e-01 1.000000000000000000e+00 1.803925031588100303e-01 9.000000000000000000e+00
2.257717950851830246e-01 1.400000000000000000e+01 7.198805767805564748e-02 8.000000000000000000e+00
2.517470558898033395e-01 1.000000000000000000e+00 1.087309401489452709e-01 9.000000000000000000e+00
3.078178658109533838e-01 1.000000000000000000e+00 1.848103155765151440e-01 2.000000000000000000e+00
3.574701059150220961e-01 1.000000000000000000e+00 6.200041416732401944e-02 1.000000000000000000e+00
1.285037401922870248e-01 1.000000000000000000e+00 1.305442448455786664e-01 1.000000000000000000e+00
6.287082860591027000e-02 1.000000000000000000e+00 1.144501938702275345e-01 1.000000000000000000e+00
3.277955992567088694e-01 1.000000000000000000e+00 1.211308214467445993e-01 9.000000000000000000e+00
2.550714442730833698e-01 1.000000000000000000e+00 6.325685999192758036e-02 9.000000000000000000e+00
2.298997538072520275e-01 1.000000000000000000e+00 1.331720975188610545e-01 1.000000000000000000e+00
1.156804268266780067e-01 1.400000000000000000e+01 1.531707346331089015e-01 1.000000000000000000e+00
1.671586271055704453e-01 1.000000000000000000e+00 7.847443212452530348e-02 9.000000000000000000e+00
2.889442062741180428e-01 1.000000000000000000e+00 1.444207935550903266e-01 1.000000000000000000e+00
1.857402343749997575e-01 1.000000000000000000e+00 1.327089115832898736e-01 9.000000000000000000e+00
1.419420588927121085e-01 1.000000000000000000e+00 5.397809310738223287e-02 9.000000000000000000e+00
1.317092389623922000e-01 1.400000000000000000e+01 1.635977779556320177e-01 1.000000000000000000e+00
2.422109484295254522e-01 1.400000000000000000e+01 7.198498026291244578e-02 1.000000000000000000e+00
2.875621030232032305e-01 1.000000000000000000e+00 1.188681377726657357e-01 1.000000000000000000e+00
2.521684547505636531e-01 1.000000000000000000e+00 1.759204755102545814e-01 9.000000000000000000e+00
2.593728066817242994e-01 1.400000000000000000e+01 1.384488183318939025e-01 8.000000000000000000e+00
2.033922252109413020e-01 1.000000000000000000e+00 1.400719759909497542e-01 9.000000000000000000e+00
2.810895039869898970e-01 1.400000000000000000e+01 1.596103787515444072e-01 1.000000000000000000e+00
1.897081152790136838e-01 1.000000000000000000e+00 1.067834927308919241e-01 9.000000000000000000e+00
2.654767780403211042e-01 1.400000000000000000e+01 9.807981132787160772e-02 9.000000000000000000e+00
1.791828332405233648e-01 1.000000000000000000e+00 1.073035491312519796e-01 1.000000000000000000e+00
2.355383809204488199e-01 1.000000000000000000e+00 1.255480258483149258e-01 1.000000000000000000e+00
1.794325253559938826e-01 1.000000000000000000e+00 1.383952633362722506e-01 9.000000000000000000e+00
1.909322406808272032e-01 1.400000000000000000e+01 1.026850083935248459e-01 9.000000000000000000e+00
3.982547778890126455e-01 1.400000000000000000e+01 4.730604306005365550e-02 1.000000000000000000e+00
2.568135506937687107e-01 1.000000000000000000e+00 1.125709936207274636e-01 1.000000000000000000e+00
2.231912752490539942e-01 1.400000000000000000e+01 9.455376082316081787e-02 1.000000000000000000e+00
2.172907493049841821e-01 1.000000000000000000e+00 1.012848834346666838e-01 1.000000000000000000e+00
1.523873196706083677e-01 1.400000000000000000e+01 1.447114243739058004e-01 1.000000000000000000e+00
2.259841941989438607e-01 1.000000000000000000e+00 1.637683825214857336e-01 9.000000000000000000e+00
3.679609897837294863e-01 1.000000000000000000e+00 9.085422160047411377e-02 9.000000000000000000e+00
2.138134915128829527e-01 1.400000000000000000e+01 9.956071103815387902e-02 9.000000000000000000e+00
3.315753436047466085e-01 1.400000000000000000e+01 6.483257235037673261e-02 1.000000000000000000e+00
1.499531494455230707e-01 1.000000000000000000e+00 1.526388230987808237e-01 9.000000000000000000e+00
3.853206789259628340e-01 1.000000000000000000e+00 1.694897916302505192e-01 9.000000000000000000e+00
2.076034143594682746e-01 1.000000000000000000e+00 1.501274377317518005e-01 9.000000000000000000e+00
2.541550228382082888e-01 1.000000000000000000e+00 1.304513905645997007e-01 1.000000000000000000e+00
2.921722271390050918e-01 1.000000000000000000e+00 4.299872633764731389e-02 9.000000000000000000e+00
4.234983973810709790e-01 1.400000000000000000e+01 1.861894914360783804e-01 9.000000000000000000e+00
2.209948110973623259e-01 1.400000000000000000e+01 1.182583138740155165e-01 9.000000000000000000e+00
1.960617799530951499e-01 1.000000000000000000e+00 1.269812123230115164e-01 9.000000000000000000e+00
2.908853888740903781e-01 1.000000000000000000e+00 9.954328775878096280e-02 9.000000000000000000e+00
1.078473390416436473e-01 1.400000000000000000e+01 1.813876414573793727e-01 1.000000000000000000e+00
4.085171127611428310e-01 1.000000000000000000e+00 1.219833507295908087e-01 1.000000000000000000e+00
2.659533710745385360e-01 1.000000000000000000e+00 8.061399579044398189e-02 1.000000000000000000e+00
3.698130329714783837e-01 1.000000000000000000e+00 1.215579894440113190e-01 1.000000000000000000e+00
1.761831447289156360e-01 1.000000000000000000e+00 4.270733939608933882e-02 9.000000000000000000e+00
1.702115215998584175e-01 1.000000000000000000e+00 1.162979929575124749e-01 9.000000000000000000e+00
3.034876968084275761e-01 1.400000000000000000e+01 1.172497425555165396e-01 1.000000000000000000e+00
2.008117416983824788e-01 1.000000000000000000e+00 4.205572494029882757e-02 9.000000000000000000e+00
1.831681964285684916e-01 1.400000000000000000e+01 1.437441116955811005e-01 9.000000000000000000e+00
2.887906018230256833e-01 1.000000000000000000e+00 1.015417842911013474e-01 9.000000000000000000e+00
3.391559202698786746e-01 1.000000000000000000e+00 7.660410113949754629e-02 1.000000000000000000e+00
3.062073922445769925e-01 1.000000000000000000e+00 5.682978369315799111e-02 8.000000000000000000e+00
2.839689176928962278e-01 1.400000000000000000e+01 7.639275900302476552e-02 1.000000000000000000e+00
2.190690338582294838e-01 1.400000000000000000e+01 1.496624465070576782e-01 1.000000000000000000e+00
3.015717752288175624e-01 1.000000000000000000e+00 1.318432423011744181e-01 8.000000000000000000e+00
2.955582532977263921e-01 1.400000000000000000e+01 2.414843749999990782e-02 9.000000000000000000e+00
2.556163483944332016e-01 1.400000000000000000e+01 1.528748897721641797e-01 9.000000000000000000e+00
2.478417968750001588e-01 1.400000000000000000e+01 1.075481559284064970e-01 1.000000000000000000e+00
3.282667615684538576e-01 1.400000000000000000e+01 1.643808445857725398e-01 9.000000000000000000e+00
1.797797178577169863e-01 1.400000000000000000e+01 8.725483581703774583e-02 9.000000000000000000e+00
1.394067070310339718e-01 1.400000000000000000e+01 1.089668875323444169e-01 8.000000000000000000e+00
3.010605468750001679e-01 1.000000000000000000e+00 1.064866219946343784e-01 9.000000000000000000e+00
1.418752696013249048e-01 1.000000000000000000e+00 1.158401709155225112e-01 1.000000000000000000e+00
3.317668515016600206e-01 1.400000000000000000e+01 1.779446464290246610e-01 9.000000000000000000e+00
3.286409685065195263e-01 1.000000000000000000e+00 6.000606243598884809e-02 8.000000000000000000e+00
2.083168401525359037e-01 1.000000000000000000e+00 1.859412846708868861e-01 1.000000000000000000e+00
2.370989183792463206e-01 1.000000000000000000e+00 1.101266653606149670e-01 9.000000000000000000e+00
3.419394531250002367e-01 1.000000000000000000e+00 8.195996093749985389e-02 1.000000000000000000e+00
2.162350916955052549e-01 1.000000000000000000e+00 2.099598545253938409e-01 1.000000000000000000e+00
2.231219886713287359e-01 1.000000000000000000e+00 1.104645794641414547e-01 1.000000000000000000e+00
3.041056602082907179e-01 1.400000000000000000e+01 5.498950270999906909e-02 8.000000000000000000e+00
2.349060378662164716e-01 1.400000000000000000e+01 1.226098733832989840e-01 9.000000000000000000e+00
2.437273337645373128e-01 1.400000000000000000e+01 9.924855827919319695e-02 1.000000000000000000e+00
1.438999564699519340e-01 1.000000000000000000e+00 1.366818414453896957e-01 9.000000000000000000e+00
4.736102354436019235e-01 1.400000000000000000e+01 4.826363199110345059e-02 1.000000000000000000e+00
1.928710937500000000e-01 1.000000000000000000e+00 1.522725768652939404e-01 9.000000000000000000e+00
6.392063216118512581e-02 1.400000000000000000e+01 1.647201124616723966e-01 1.000000000000000000e+00
1.542244603201338160e-01 1.400000000000000000e+01 2.320872790952790699e-01 1.000000000000000000e+00
2.020478839451995134e-01 1.000000000000000000e+00 1.401396627227537439e-01 9.000000000000000000e+00
2.125557060322114111e-01 1.400000000000000000e+01 2.029770429752281447e-01 9.000000000000000000e+00
1.618660998421286024e-01 1.000000000000000000e+00 1.773256786984438726e-01 9.000000000000000000e+00
2.223409177944987436e-01 1.000000000000000000e+00 8.116766459620065877e-02 9.000000000000000000e+00
3.364975945940502644e-01 1.000000000000000000e+00 1.847254345041660917e-01 1.000000000000000000e+00
3.795687891209247045e-02 1.000000000000000000e+00 3.172680779945862700e-02 9.000000000000000000e+00
2.908865827877391008e-01 1.400000000000000000e+01 1.281051218931077706e-01 1.000000000000000000e+00
2.883176907808647771e-01 1.000000000000000000e+00 5.706152343749987255e-02 9.000000000000000000e+00
1.570910987510913126e-01 1.400000000000000000e+01 1.494580568608920856e-01 9.000000000000000000e+00
2.718470222759978849e-01 1.000000000000000000e+00 1.139853515625000591e-01 9.000000000000000000e+00
1.595995137350380288e-01 1.400000000000000000e+01 1.481977910256110087e-01 1.000000000000000000e+00
1.466303406999311942e-01 1.400000000000000000e+01 5.311395583886486388e-02 9.000000000000000000e+00
2.408353427640736732e-01 1.000000000000000000e+00 4.553247921397253484e-02 9.000000000000000000e+00
1.978446464975359698e-01 1.400000000000000000e+01 1.515894367199137616e-01 9.000000000000000000e+00
3.165187027895093874e-01 1.000000000000000000e+00 8.215993200268899288e-02 9.000000000000000000e+00
2.289609374999997948e-01 1.400000000000000000e+01 1.423966035465479008e-01 9.000000000000000000e+00
3.792493718133799763e-01 1.400000000000000000e+01 2.981020980552254868e-02 1.000000000000000000e+00
3.106073276464662025e-01 1.000000000000000000e+00 1.046748046874999005e-01 1.000000000000000000e+00
3.406000999052566924e-01 1.000000000000000000e+00 1.403293059081513749e-01 1.000000000000000000e+00
2.938672915425389887e-01 1.000000000000000000e+00 1.661079502740565872e-01 9.000000000000000000e+00
3.870649480973624157e-01 1.400000000000000000e+01 2.115496522696042603e-01 9.000000000000000000e+00
3.619676736788284832e-01 1.400000000000000000e+01 2.067491675369884097e-01 9.000000000000000000e+00
2.958534758743372461e-01 1.400000000000000000e+01 6.651987190704815311e-02 9.000000000000000000e+00
2.516249626608590417e-01 1.000000000000000000e+00 2.169897928054638492e-01 9.000000000000000000e+00
2.770947276698617068e-01 1.400000000000000000e+01 7.046042297396441778e-02 9.000000000000000000e+00
4.425044344258740048e-01 1.400000000000000000e+01 2.071315860437817902e-01 1.000000000000000000e+00
2.278789062500000684e-01 1.400000000000000000e+01 8.710496268626208294e-02 1.000000000000000000e+00
5.981445312500000000e-02 4.000000000000000000e+00 3.552246093750000000e-02 2.000000000000000000e+00
2.285156250000000000e-01 9.000000000000000000e+00 1.669921875000000000e-01 3.000000000000000000e+00
1.623535156250000000e-01 1.100000000000000000e+01 9.362792968750000000e-02 3.000000000000000000e+00
3.754882812500000000e-01 8.000000000000000000e+00 1.135253906250000000e-01 7.000000000000000000e+00
7.153320312500000000e-02 5.000000000000000000e+00 1.507568359375000000e-01 8.000000000000000000e+00
7.592773437500000000e-02 3.000000000000000000e+00 1.641845703125000000e-01 3.000000000000000000e+00
4.392089843750000000e-01 1.000000000000000000e+00 2.551269531250000000e-02 8.000000000000000000e+00
3.132324218750000000e-01 4.000000000000000000e+00 1.744384765625000000e-01 8.000000000000000000e+00
4.951171875000000000e-01 3.000000000000000000e+00 1.674804687500000000e-01 2.000000000000000000e+00
1.899414062500000000e-01 6.000000000000000000e+00 8.911132812500000000e-02 3.000000000000000000e+00
4.309082031250000000e-01 1.200000000000000000e+01 9.606933593750000000e-02 1.000000000000000000e+00
4.099121093750000000e-01 1.000000000000000000e+01 5.004882812500000000e-03 9.000000000000000000e+00
8.691406250000000000e-02 6.000000000000000000e+00 1.450195312500000000e-01 7.000000000000000000e+00
5.981445312500000000e-02 4.000000000000000000e+00 3.552246093750000000e-02 2.000000000000000000e+00
1.616210937500000000e-01 1.200000000000000000e+01 4.174804687500000000e-02 8.000000000000000000e+00
4.008789062500000000e-01 4.000000000000000000e+00 1.633300781250000000e-01 7.000000000000000000e+00
2.390136718750000000e-01 1.200000000000000000e+01 4.357910156250000000e-02 5.000000000000000000e+00
8.764648437500000000e-02 1.000000000000000000e+00 6.848144531250000000e-02 1.000000000000000000e+00
4.433593750000000000e-01 1.000000000000000000e+01 2.275390625000000000e-01 3.000000000000000000e+00
3.779296875000000000e-01 4.000000000000000000e+00 1.010742187500000000e-01 1.000000000000000000e+00
2.692871093750000000e-01 2.000000000000000000e+00 1.534423828125000000e-01 4.000000000000000000e+00
7.299804687500000000e-02 1.400000000000000000e+01 1.343994140625000000e-01 5.000000000000000000e+00
4.174804687500000000e-02 9.000000000000000000e+00 2.125244140625000000e-01 8.000000000000000000e+00
4.399414062500000000e-01 1.300000000000000000e+01 2.141113281250000000e-01 8.000000000000000000e+00
