2.318391380523105449e-01
2.282534843647781031e-01
1.034817649874821555e-01
2.417333718254571495e-01
1.033425586739753280e-03
9.965861123668680668e-03
1.281329958927708845e-01
3.463287291270832069e-02
1.804508456086983126e-01
2.536078667201521197e-01
2.302991459966713672e-01
2.480129427126429031e-01
1.753841040882264668e-01
9.231040019441955069e-02
1.065327427159665358e-01
2.277315831666202883e-01
1.884029191707172757e-01
2.239893328456199484e-01
2.098684612370788627e-01
1.770064967758590291e-01
2.444916686260688310e-01
2.054353166794070651e-01
2.495410144184584122e-01
2.493968017141730276e-01
2.337376720492907456e-01
2.455220173390542659e-01
2.471482359515901617e-01
4.832900150286092295e-02
2.471613479985287076e-01
2.032251209001904313e-01
1.139701619941384941e-01
9.452955330258343281e-02
1.263947453782686692e-01
6.185338470302289421e-02
1.607327971914970788e-01
2.999688692008939395e-02
2.507781113591408539e-01
2.350046687490761899e-01
2.333364074570602464e-01
3.384228907910301343e-02
2.299393341289641957e-01
1.683994169496721427e-01
1.429402653655804101e-01
2.482620172401588388e-01
2.302249473104483191e-01
2.332688685446075993e-01
4.376846759148490112e-02
2.078781395989221237e-01
1.878987826754119073e-01
2.580377864576475777e-01
1.562267404058433895e-01
2.112215048247884364e-01
2.369064596230895658e-01
2.164760570457215094e-01
1.550755469131392117e-01
2.418775018236062613e-01
9.367715497426949700e-02
1.537034473747912189e-01
2.609223903456139304e-01
2.452324058141689689e-01
3.721687020577281735e-01
3.693726889606859798e-01
3.213909953453736312e-01
3.600307802788328959e-01
2.476544044406159828e-01
2.622159829892801719e-01
3.456536872915605962e-01
3.622199800142492654e-01
2.513962453198170799e-01
1.805271902109741033e-01
2.346312469398402489e-01
3.798315965906236547e-01
3.502944215658910232e-01
2.535570008713154411e-01
2.514125435913118767e-01
2.606047847636278614e-01
2.214683707297014081e-01
2.466266233047144651e-01
3.393409471663426102e-01
2.622159829892801719e-01
3.915813256430347722e-01
3.492546528335829237e-01
3.573277099985850969e-01
2.622159829892801719e-01
3.733471280354045407e-01
2.618921095945858646e-01
2.523429519607094940e-01
2.564239955544601046e-01
3.830970556128510118e-01
2.615698265507959697e-01
3.826201209062640718e-01
2.459273393475459035e-01
2.622159829892801719e-01
2.596471105472806795e-01
3.821107334805914912e-01
2.615695139672375991e-01
2.583739927098073763e-01
2.586709430670030008e-01
2.361927367103724418e-01
3.485550548520202629e-01
2.492363190353509006e-01
2.609225710081058414e-01
2.277194572637150638e-01
2.618921615052276497e-01
3.876887322190785690e-01
2.622159829892801719e-01
2.515039825595869472e-01
2.488908007704878911e-01
2.622159829892801719e-01
3.644982060838057869e-01
3.422111170520184542e-01
3.721000469241373398e-01
2.501798554069021852e-01
2.622159829892801719e-01
2.622159829892801719e-01
2.558031948506729880e-01
3.841309486656332983e-01
2.609242378773910520e-01
2.507858971450619423e-01
2.401841633864425507e-01
2.895420855411789396e-01
2.561403441680794035e-01
3.650584501368363544e-01
2.236306070130030521e-01
3.791045661633615782e-01
2.609232070658077385e-01
2.489829978096214924e-01
2.590056729856063944e-01
2.593126022027540389e-01
3.101170994304911499e-01
2.622159829892801719e-01
2.577117228779870484e-01
2.615685996188837348e-01
2.618927253204563210e-01
3.058380165798164629e-01
2.558042056834844424e-01
2.539050948742010427e-01
2.391857370138904537e-01
3.677524295823517697e-01
2.618924727591706025e-01
2.615685933030946209e-01
3.298255315724264447e-01
3.611963435242511178e-01
3.698941929708064458e-01
2.400303016264348499e-01
3.871085930572991107e-01
3.382421305838763104e-01
2.609249803909530208e-01
2.548572533835251619e-01
2.609226187082328563e-01
2.622159829892801719e-01
2.424666860438293714e-01
2.458750924489730427e-01
2.622159829892801719e-01
3.859901186005584295e-01
2.535972341845216249e-01
3.567943866317175305e-01
2.777697229589767280e-01
2.602830844149024991e-01
3.421540216464731832e-01
3.550660687524949122e-01
1.209965499866014482e-01
3.863866375733956970e-01
2.593126422027799416e-01
3.759613500422108734e-01
2.375988263280615076e-01
3.270555753256091935e-01
2.517271082258413228e-01
2.193450011110410769e-01
2.622159829892801719e-01
2.593636385903201336e-01
2.618922846621791756e-01
2.434041896775250013e-01
2.570745080819148987e-01
2.582865598966688214e-01
3.481898702938796553e-01
2.564408632392594645e-01
2.492272533972066384e-01
2.400098770561611417e-01
2.542327325835168628e-01
3.506290146351376258e-01
2.709747570998817245e-01
2.622159829892801719e-01
2.326640593417627911e-01
3.730231189443877216e-01
2.507708099469336260e-01
3.558037037783145506e-01
2.517436834232947285e-01
3.583926922501716184e-01
2.618927253204563210e-01
2.622159829892801719e-01
2.389717802460364637e-01
3.577460703351249549e-01
2.247736137178958093e-01
2.596486882749579062e-01
3.077043554188699792e-01
2.622159829892801719e-01
3.524319486377514576e-01
2.331987940311719409e-01
2.517806221442631665e-01
3.551747357012886019e-01
2.501958123634486775e-01
2.399755367514322113e-01
2.153119639044659417e-01
2.463177918784851261e-01
2.622159829892801719e-01
2.580310987289634039e-01
3.969137082552503526e-01
3.682314694449125292e-01
2.517163010848565974e-01
2.532859147038976633e-01
3.566880930931120575e-01
2.609225710081058414e-01
2.615689024518395578e-01
2.622159829892801719e-01
2.577112004396654443e-01
2.526662549778823097e-01
3.386662534643852251e-01
2.554990891464907765e-01
3.828249326767445004e-01
2.511028387035658671e-01
2.622159829892801719e-01
2.580317806991081486e-01
3.067149747885879463e-01
3.640294030414005788e-01
2.444232908394807224e-01
5.453538226424702734e-02
3.865823730997345331e-01
3.072433030435444690e-01
3.877644547541578834e-01
3.384203245482928502e-01
3.508829958380338954e-01
2.520811670504982116e-01
2.618921032787967507e-01
3.937476425040895012e-01
2.586842546573178692e-01
2.612530884494819183e-01
2.523352572732834309e-01
2.622159829892801719e-01
2.612456417591329516e-01
2.622159829892801719e-01
2.917838079458080491e-01
3.735120089430009060e-01
3.199271316442909296e-01
2.535869605749316857e-01
2.311330330250589982e-01
2.470983894674406989e-01
3.443340517773998966e-01
3.637054244799114988e-01
2.452850670709667280e-01
3.960513563685854610e-01
2.411401246488826811e-01
2.573981014858369720e-01
2.609253042372249864e-01
2.580308919391123279e-01
3.429516200107872170e-01
2.532756169284777759e-01
3.797448739122704642e-01
2.502191123210341095e-01
3.500246999976433515e-01
2.758315117568910790e-01
2.583609611071048251e-01
3.816208638821735888e-01
2.489969239948097712e-01
3.755957644863797684e-01
2.622159829892801719e-01
2.609242449687857457e-01
2.615695152968530723e-01
1.929576000524178825e-01
4.016064110462146952e-01
3.955767155467160845e-01
3.227689468775110648e-01
1.870996157108549274e-01
3.377740330494000687e-01
3.777386332236886690e-01
3.158156744952552164e-01
2.609234053017979726e-01
3.490568343509614091e-01
3.094185050358427835e-01
3.145326888488824135e-01
2.560939239116151178e-01
6.047709787840805512e-02
2.596342010777541454e-01
2.218523874187041667e-01
1.576694459315731989e-01
1.361725026711762265e-01
3.128137911329368914e-01
2.589919345721183319e-01
2.531843141171448708e-01
2.615685561292855899e-01
1.893080796435349378e-01
1.911039135323689964e-01
1.868281954332325079e-01
2.615691508026529721e-01
3.784747098112589136e-01
1.765079636787259681e-02
2.410072420125813630e-01
3.564004133132399610e-01
3.492039267538789571e-01
3.980946737375241629e-01
